#! FIELDS es.morethan file.free der_es.morethan
#! SET min_es.morethan 705.424
#! SET max_es.morethan 974.007
#! SET nbins_es.morethan  255
#! SET periodic_es.morethan false
  705.424000000 2459.684746503   -0.136121574
  706.481413386 2459.422824964   -0.400466148
  707.538826772 2458.711020308   -1.027760481
  708.596240157 2457.013226930   -2.308316540
  709.653653543 2453.507060047   -4.483705463
  710.711066929 2447.198042371   -7.552005299
  711.768480315 2437.409262508  -10.939631185
  712.825893701 2424.317459273  -13.604463377
  713.883307087 2409.227817515  -14.582730533
  714.940720472 2394.116424831  -13.745795157
  715.998133858 2380.416267044  -12.183167300
  717.055547244 2368.038236057  -11.476953667
  718.112960630 2355.536860366  -12.387306784
  719.170374016 2341.551106471  -14.056850587
  720.227787402 2326.131092873  -14.818153364
  721.285200787 2310.888509564  -13.640257980
  722.342614173 2297.826284297  -10.885735009
  723.400027559 2287.949547559   -7.853954809
  724.457440945 2280.897107681   -5.695818523
  725.514854331 2275.380802767   -5.014482598
  726.572267717 2269.626546260   -6.189788378
  727.629681102 2261.502267737   -9.503487245
  728.687094488 2248.884335585  -14.552867897
  729.744507874 2230.752480938  -19.515169686
  730.801921260 2208.599987435  -21.706600712
  731.859334646 2186.501750796  -19.294398153
  732.916748031 2169.130416791  -13.273216230
  733.974161417 2158.442310111   -7.325626060
  735.031574803 2152.136186165   -5.504402093
  736.088988189 2145.038688015   -8.564740018
  737.146401575 2133.471553555  -13.107427103
  738.203814961 2118.607290067  -14.094762057
  739.261228346 2105.792783584   -9.306274227
  740.318641732 2100.033303020   -1.549503001
  741.376055118 2101.506527128    3.475606901
  742.433468504 2105.083826469    2.166835500
  743.490881890 2104.248777269   -4.233661917
  744.548295276 2095.930014542  -11.233060598
  745.605708661 2081.667991961  -15.163873545
  746.663122047 2065.113365865  -15.735933609
  747.720535433 2048.853146480  -15.052847185
  748.777948819 2033.126292876  -14.789422551
  749.835362205 2017.395601083  -14.927144144
  750.892775591 2001.747638072  -14.525456243
  751.950188976 1987.076699030  -13.214495652
  753.007602362 1974.070281747  -11.481054166
  754.065015748 1962.630150136  -10.267111974
  755.122429134 1951.924629437  -10.196948153
  756.179842520 1940.562511043  -11.596310886
  757.237255906 1926.945693050  -14.398815199
  758.294669291 1909.859443915  -18.000050848
  759.352082677 1889.147998706  -21.004846765
  760.409496063 1866.308812833  -21.674745047
  761.466909449 1844.503886859  -19.010665954
  762.524322835 1827.258849256  -13.292577955
  763.581736220 1816.964381456   -6.235651680
  764.639149606 1813.591840497   -0.660316992
  765.696562992 1814.148411523    0.872201314
  766.753976378 1813.736979599   -2.443391376
  767.811389764 1807.951598524   -8.879214713
  768.868803150 1795.238674555  -14.784470772
  769.926216535 1778.019219596  -17.014203805
  770.983629921 1760.965759053  -14.635688172
  772.041043307 1748.120755428   -9.501465463
  773.098456693 1740.728171105   -4.873446851
  774.155870079 1736.856772896   -3.120614521
  775.213283465 1733.097900930   -4.506036814
  776.270696850 1726.664850451   -7.950646506
  777.328110236 1716.244807662  -11.794265458
  778.385523622 1702.013689670  -15.029695853
  779.442937008 1684.993633391  -16.818730151
  780.500350394 1667.299792032  -16.216396469
  781.557763780 1651.795669824  -12.726343502
  782.615177165 1641.164365024   -7.327645669
  783.672590551 1636.130530014   -2.691254050
  784.730003937 1634.318169548   -1.529630494
  785.787417323 1631.421396464   -4.559396694
  786.844830709 1623.843847569   -9.987997959
  787.902244094 1610.612955187  -14.845442623
  788.959657480 1593.404872860  -17.195116007
  790.017070866 1575.199264251  -17.129864495
  791.074484252 1557.762800850  -15.908429861
  792.131897638 1541.436328702  -15.136306517
  793.189311024 1525.504850702  -15.159219297
  794.246724409 1509.525017851  -15.125299608
  795.304137795 1494.095293211  -13.974426822
  796.361551181 1480.368986685  -12.044814038
  797.418964567 1468.523228544  -10.561011340
  798.476377953 1457.524928048  -10.560286631
  799.533791339 1445.919211488  -11.461479291
  800.591204724 1433.420990348  -12.322416062
  801.648618110 1420.242928546  -12.624537467
  802.706031496 1406.571301524  -13.428074442
  803.763444882 1391.450700981  -15.595130534
  804.820858268 1373.463328590  -18.454624434
  805.878271654 1352.668445879  -20.693544415
  806.935685039 1330.442256762  -21.111361128
  807.993098425 1308.771919075  -19.730687523
  809.050511811 1288.963604526  -17.946351977
  810.107925197 1270.704543831  -16.889378394
  811.165338583 1252.904711799  -16.978075507
  812.222751969 1234.729666159  -17.381442341
  813.280165354 1216.560826027  -16.975527009
  814.337578740 1199.530191408  -15.210775576
  815.394992126 1184.650785690  -13.065619319
  816.452405512 1171.555277969  -12.068128742
  817.509818898 1158.588233572  -12.791501301
  818.567232283 1144.181482858  -14.666653904
  819.624645669 1127.741785497  -16.403192656
  820.682059055 1109.956843542  -17.117884543
  821.739472441 1091.984674743  -16.865915117
  822.796885827 1074.606478633  -16.095141919
  823.854299213 1058.056416792  -15.282640893
  824.911712598 1042.318056967  -14.574896688
  825.969125984 1027.378878194  -13.826838720
  827.026539370 1013.224657771  -13.225947314
  828.083952756  999.385012070  -13.108143192
  829.141366142  985.262040019  -13.899911563
  830.198779528  969.984739029  -15.076147497
  831.256192913  953.529340731  -16.116096781
  832.313606299  936.269452237  -16.540612038
  833.371019685  918.857866611  -16.465596392
  834.428433071  901.660239234  -16.239774875
  835.485846457  884.804086366  -15.882667506
  836.543259843  868.327458568  -15.251655126
  837.600673228  852.765590440  -14.312865826
  838.658086614  838.410665224  -13.078280411
  839.715500000  825.168283439  -12.222871637
  840.772913386  812.313677023  -12.468916770
  841.830326772  798.520219021  -14.020421836
  842.887740157  782.723212307  -15.897788555
  843.945153543  765.324668860  -16.887495109
  845.002566929  747.821001521  -16.027082481
  846.059980315  732.010094524  -13.984219196
  847.117393701  718.393808394  -12.063871944
  848.174807087  706.274012322  -11.259984886
  849.232220472  694.475592669  -11.282464223
  850.289633858  682.512776668  -11.481233546
  851.347047244  670.276662976  -11.890907847
  852.404460630  657.250587282  -13.120765186
  853.461874016  642.392035463  -15.233580185
  854.519287402  625.403557955  -16.904694054
  855.576700787  607.581550575  -16.543716813
  856.634114173  591.283005085  -14.265600722
  857.691527559  577.608206417  -11.974883420
  858.748940945  565.544503134  -11.350527987
  859.806354331  553.301182863  -11.961493928
  860.863767717  540.422772348  -12.444426708
  861.921181102  527.610916321  -11.900234999
  862.978594488  515.375326453  -11.555102603
  864.036007874  502.801848754  -12.758152799
  865.093421260  488.385542040  -14.671589115
  866.150834646  472.314578207  -15.511467958
  867.208248031  456.498388440  -14.293194779
  868.265661417  442.589824326  -12.290792082
  869.323074803  430.393497691  -11.344900226
  870.380488189  418.308901212  -11.972365315
  871.437901575  405.048268098  -13.200616315
  872.495314961  390.738525855  -13.829961617
  873.552728346  376.296697691  -13.606848165
  874.610141732  362.429472179  -12.792902568
  875.667555118  349.458603828  -11.927710987
  876.724968504  337.379945873  -11.085301491
  877.782381890  326.103733310  -10.515203219
  878.839795276  315.206174342  -10.541572429
  879.897208661  303.818132805  -11.408264667
  880.954622047  291.213140657  -12.533870800
  882.012035433  277.607150326  -13.195852448
  883.069448819  263.987188044  -12.589173216
  884.126862205  251.600020187  -10.950198492
  885.184275591  241.016235001   -9.359744180
  886.241688976  231.701236109   -8.710606923
  887.299102362  222.501292707   -9.068044072
  888.356515748  212.479958738  -10.182997515
  889.413929134  201.052715524  -11.646448677
  890.471342520  188.119592693  -13.019827042
  891.528755906  174.102237485  -13.444129233
  892.586169291  160.339909210  -12.555595647
  893.643582677  148.144133610  -10.592165615
  894.700996063  138.153311983   -8.563058994
  895.758409449  129.965335292   -7.399724768
  896.815822835  122.509411943   -7.028621363
  897.873236220  115.101557213   -7.301473316
  898.930649606  107.248122476   -7.771262051
  899.988062992   98.870615013   -8.356110766
  901.045476378   89.903569820   -8.721996718
  902.102889764   80.913631651   -8.454378568
  903.160303150   72.519371285   -7.417993424
  904.217716535   65.426438561   -6.385504475
  905.275129921   59.157876744   -5.866961412
  906.332543307   52.969034294   -6.138184812
  907.389956693   46.284465436   -6.672950881
  908.447370079   39.323307376   -6.645120018
  909.504783465   32.798763772   -5.768990925
  910.562196850   27.463329685   -4.529803452
  911.619610236   23.388228728   -3.563034879
  912.677023622   20.076648172   -3.057342510
  913.734437008   17.018583756   -3.055762208
  914.791850394   13.813987339   -3.308157022
  915.849263780   10.390315775   -3.445771620
  916.906677165    6.936974145   -3.252640635
  917.964090551    3.835661180   -2.781759008
  919.021503937    1.389428858   -1.945639655
  920.078917323    0.036385233   -0.852348619
  921.136330709    0.000000000    0.500333420
  922.193744094    1.427195701    1.941583157
  923.251157480    4.230198355    2.997063752
  924.308570866    7.903512976    3.655986809
  925.365984252   12.034707821    3.794305326
  926.423397638   16.238563475    3.899240887
  927.480811024   20.591580358    4.074121957
  928.538224409   25.377616334    4.761775415
  929.595637795   31.253258198    6.277078755
  930.653051181   39.088638238    8.344993778
  931.710464567   49.182260717   10.418500824
  932.767877953   61.141540458   11.783987068
  933.825291339   74.213474518   12.537973557
  934.882704724   88.010547983   13.426933521
  935.940118110  103.144551225   14.974911761
  936.997531496  120.214926322   17.034506536
  938.054944882  139.397932126   18.819905124
  939.112358268  160.093301150   19.851668359
  940.169771654  181.634444747   20.672830159
  941.227185039  204.152831474   21.832779864
  942.284598425  228.357569993   23.740666677
  943.342011811  255.084983580   26.665615124
  944.399425197  285.404018964   30.548699053
  945.456838583  320.387902804   35.422170993
  946.514251969  360.737824274   40.588793194
  947.571665354  406.234665913   44.943217960
  948.629078740  455.695052142   48.195188103
  949.686492126  508.334985080   51.085524797
  950.743905512  564.608638757   55.445822345
  951.801318898  626.516279546   61.641564295
  952.858732283  695.554463115   68.573801768
  953.916145669  771.503751403   74.415170375
  954.973559055  852.576964552   78.283773968
  956.030972441  937.073683792   81.323188322
  957.088385827 1025.576442322   86.338352297
  958.145799213 1121.978155889   96.881524050
  959.203212598 1233.404311582  114.758314923
  960.260625984 1367.088285624  138.384044845
  961.318039370 1526.195196754  161.413767526
  962.375452756 1705.436657238  175.057772003
  963.432866142 1890.802032876  172.087769270
  964.490279528 2063.421656039  151.475054738
  965.547692913 2207.022754896  118.537211533
  966.605106299 2313.191548989   82.268024739
  967.662519685 2382.867990396   50.561998467
  968.719933071 2423.458746602   27.454854434
  969.777346457 2444.376892216   13.202245987
  970.834759843 2453.938723160    5.614403074
  971.892173228 2457.858533735    2.048287040
  972.949586614 2459.224145911    0.666030621
  974.007000000 2459.686567853    0.138979489
