#! FIELDS es.morethan file.free der_es.morethan
#! SET min_es.morethan 633.911
#! SET max_es.morethan 970.87
#! SET nbins_es.morethan  319
#! SET periodic_es.morethan false
  633.911000000 2434.406895004   -0.139356655
  634.970619497 2434.137859387   -0.410807264
  636.030238994 2433.405511719   -1.055806842
  637.089858491 2431.667959708   -2.357910109
  638.149477987 2428.089082937   -4.553644203
  639.209097484 2421.727750645   -7.547705509
  640.268716981 2412.034345073  -10.640730464
  641.328336478 2399.601209979  -12.478624128
  642.387955975 2386.516836971  -11.710734864
  643.447575472 2375.833825818   -8.032127078
  644.507194969 2370.024304829   -2.892800911
  645.566814465 2369.233891247    0.931399112
  646.626433962 2370.603480305    0.876846874
  647.686053459 2369.473881762   -3.665453244
  648.745672956 2361.908020938  -10.738126317
  649.805292453 2347.092100991  -16.741887450
  650.864911950 2327.933012960  -18.567139108
  651.924531447 2309.532969482  -15.404887982
  652.984150943 2296.395433209   -9.142051847
  654.043770440 2290.049478303   -3.157884124
  655.103389937 2288.564902544   -0.284023042
  656.163009434 2288.031728696   -1.322003018
  657.222628931 2284.829368381   -4.998866193
  658.282248428 2277.349482512   -8.935469666
  659.341867925 2266.524172874  -11.086789037
  660.401487421 2254.706560307  -10.841105772
  661.461106918 2244.047004530   -9.169305322
  662.520726415 2235.153117633   -7.788595516
  663.580345912 2227.001496570   -7.881582076
  664.639965409 2217.909181661   -9.510240704
  665.699584906 2206.567542806  -12.009745962
  666.759204403 2192.440094184  -14.606210776
  667.818823899 2175.808763090  -16.596288496
  668.878443396 2157.886242008  -16.899046707
  669.938062893 2141.140456422  -14.144058681
  670.997682390 2129.059046002   -8.217722431
  672.057301887 2124.209227688   -0.978331911
  673.116921384 2126.246323183    4.117770899
  674.176540881 2131.289274983    4.510451117
  675.236160377 2134.080451303    0.157574257
  676.295779874 2131.027253293   -5.911920913
  677.355399371 2122.385107791   -9.744013118
  678.415018868 2111.921362816   -9.381493141
  679.474638365 2103.620934079   -6.082189929
  680.534257862 2098.824819482   -3.375985287
  681.593877358 2095.170398723   -4.219755556
  682.653496855 2088.595847007   -8.670607142
  683.713116352 2076.621068405  -13.798778936
  684.772735849 2060.312896429  -16.416193081
  685.832355346 2043.103810365  -15.592995160
  686.891974843 2027.928119245  -12.979406263
  687.951594340 2015.511440902  -10.624636599
  689.011213836 2005.058948852   -9.201930992
  690.070833333 1995.999084343   -7.898935904
  691.130452830 1988.610294221   -5.993542372
  692.190072327 1983.207473887   -4.373833463
  693.249691824 1978.842811885   -4.319232389
  694.309311321 1973.516662450   -5.953820223
  695.368930818 1966.033454199   -8.096667838
  696.428550314 1956.704578327   -9.253293663
  697.488169811 1946.871271523   -9.380325289
  698.547789308 1936.937819927   -9.545394172
  699.607408805 1926.223946331  -10.921244381
  700.667028302 1913.714077494  -12.554753920
  701.726647799 1900.287462642  -12.365568503
  702.786267296 1888.666854415   -9.153051531
  703.845886792 1881.457490850   -4.624900108
  704.905506289 1878.264077253   -2.060051667
  705.965125786 1875.559678054   -3.712288590
  707.024745283 1869.311099216   -8.361565283
  708.084364780 1858.080344345  -12.639088584
  709.143984277 1843.690574485  -14.028029791
  710.203603774 1829.235386875  -13.014559067
  711.263223270 1816.269394778  -11.676578991
  712.322842767 1804.317178575  -10.989968179
  713.382462264 1792.935760557  -10.443383913
  714.442081761 1782.639183977   -8.804153651
  715.501701258 1774.737972621   -6.101473371
  716.561320755 1769.660579850   -3.778128184
  717.620940252 1766.120699129   -3.271461397
  718.680559748 1762.108826878   -4.517729554
  719.740179245 1756.461649973   -6.077286744
  720.799798742 1749.757455598   -6.469862262
  721.859418239 1743.361008757   -5.674658397
  722.919037736 1737.798659952   -4.989341408
  723.978657233 1732.284694371   -5.689465176
  725.038276730 1725.442642667   -7.265089061
  726.097896226 1717.182295515   -8.162176036
  727.157515723 1708.815093152   -7.465171904
  728.217135220 1701.646974670   -6.165486056
  729.276754717 1695.271733560   -6.252222486
  730.336374214 1687.573706873   -8.813039867
  731.395993711 1676.375633250  -12.339454442
  732.455613208 1662.083553945  -14.172282000
  733.515232704 1647.828791923  -12.071910393
  734.574852201 1637.790072093   -6.548224231
  735.634471698 1634.175840351   -0.547078039
  736.694091195 1635.584696616    2.441046868
  737.753710692 1637.848208567    1.130353397
  738.813330189 1637.078110371   -2.977883902
  739.872949686 1631.591981792   -7.332548786
  740.932569182 1621.850417310  -10.994287890
  741.992188679 1608.416296179  -14.455944422
  743.051808176 1591.436154500  -17.515858209
  744.111427673 1572.100269647  -18.638026598
  745.171047170 1553.422975866  -16.021865708
  746.230666667 1539.189073715  -10.716023892
  747.290286164 1530.481356972   -6.249728917
  748.349905660 1524.637402405   -5.678569446
  749.409525157 1517.284799867   -8.662937070
  750.469144654 1506.282847477  -11.812188491
  751.528764151 1493.397768868  -11.864577996
  752.588383648 1482.430708118   -8.594066037
  753.648003145 1475.602867954   -4.658387442
  754.707622642 1471.696234154   -3.364439254
  755.767242138 1467.134406230   -5.867330163
  756.826861635 1458.686991275  -10.217583737
  757.886481132 1445.937473163  -13.565698283
  758.946100629 1430.899740302  -14.569195811
  760.005720126 1415.736368623  -13.971495779
  761.065339623 1401.396802834  -13.144913437
  762.124959119 1387.851210076  -12.633165221
  763.184578616 1374.968293942  -11.748228497
  764.244198113 1363.182991758  -10.497943147
  765.303817610 1352.644031502   -9.625319351
  766.363437107 1342.630778250   -9.594544823
  767.423056604 1332.345684253   -9.849667582
  768.482676101 1321.922465900   -9.699281617
  769.542295597 1312.078519803   -9.012760525
  770.601915094 1302.767917846   -8.891909667
  771.661534591 1292.788428628  -10.407803481
  772.721154088 1280.476797700  -12.918567024
  773.780773585 1265.890734278  -14.411350918
  774.840393082 1251.100933326  -13.077354216
  775.900012579 1239.080570313   -9.385722428
  776.959632075 1231.297567998   -5.678121647
  778.019251572 1226.405763523   -4.173849992
  779.078871069 1221.596281243   -5.334925886
  780.138490566 1214.714088439   -7.788845525
  781.198110063 1205.375416520   -9.752787501
  782.257729560 1194.706931111  -10.421643797
  783.317349057 1183.835645777  -10.135742243
  784.376968553 1173.298724284   -9.836028613
  785.436588050 1162.914694012   -9.922074037
  786.496207547 1152.304993586  -10.248076610
  787.555827044 1141.242442534  -10.856485624
  788.615446541 1129.340345989  -11.816347252
  789.675066038 1116.225932277  -13.000666499
  790.734685535 1102.020845036  -13.843763134
  791.794305031 1087.278476883  -13.919138277
  792.853924528 1072.758945120  -13.667449166
  793.913544025 1058.489984051  -13.349078763
  794.973163522 1044.632282595  -12.993916907
  796.032783019 1031.583904387  -11.542296006
  797.092402516 1020.697051350   -8.940130205
  798.152022013 1012.770765827   -6.254237844
  799.211641509 1006.993015433   -5.130762656
  800.271261006 1001.159720072   -6.498253076
  801.330880503  992.890001046   -9.321583293
  802.390500000  981.625140347  -11.843170991
  803.450119497  968.577145932  -12.606262484
  804.509738994  955.690389275  -11.650547588
  805.569358491  944.202688577  -10.221530102
  806.628977987  933.871002289   -9.554778500
  807.688597484  923.769287586   -9.709457079
  808.748216981  913.499540963   -9.757321441
  809.807836478  903.526324578   -9.115378401
  810.867455975  894.327305839   -8.510520316
  811.927075472  885.233773977   -9.097926049
  812.986694969  874.696795623  -10.998453043
  814.046314465  861.962478056  -13.048940548
  815.105933962  847.795336855  -13.445109616
  816.165553459  834.304158246  -11.985127076
  817.225172956  822.815967011   -9.883356605
  818.284792453  813.121764947   -8.842470428
  819.344411950  803.676883118   -9.451096087
  820.404031447  792.892701958  -11.055721260
  821.463650943  780.335193040  -12.802356693
  822.523270440  766.201062771  -14.082799957
  823.582889937  750.918108153  -14.705197935
  824.642509434  735.231575789  -15.000560838
  825.702128931  719.419264000  -14.924151252
  826.761748428  703.882090792  -14.559265231
  827.821367925  688.967773038  -13.707784782
  828.880987421  675.253531009  -12.294712669
  829.940606918  663.228203003  -10.521066166
  831.000226415  652.925166776   -9.302944734
  832.059845912  643.244221705   -9.361517217
  833.119465409  632.792950643  -10.635294187
  834.179084906  620.817118004  -12.056964008
  835.238704403  607.777716737  -12.541112703
  836.298323899  594.715575873  -12.202893780
  837.357943396  581.997088184  -12.045113257
  838.417562893  569.206744323  -12.390671240
  839.477182390  556.124791843  -12.239066345
  840.536801887  543.804915245  -10.918379369
  841.596421384  533.415479989   -8.911474310
  842.656040881  524.851512408   -7.739374988
  843.715660377  516.549633134   -8.396043396
  844.775279874  506.818371401  -10.275564380
  845.834899371  495.119411898  -11.779633992
  846.894518868  482.382775035  -12.267530087
  847.954138365  469.523303149  -12.252838828
  849.013757862  456.560578572  -12.573256448
  850.073377358  442.829205839  -13.535170255
  851.132996855  427.870748767  -14.940309567
  852.192616352  411.523910649  -15.978277989
  853.252235849  394.530797209  -16.156469204
  854.311855346  377.986333733  -14.999071949
  855.371474843  363.282830936  -12.687306851
  856.431094340  351.362390784  -10.146251333
  857.490713836  341.736674669   -8.370033551
  858.550333333  333.231828708   -8.200253768
  859.609952830  324.256301310   -9.097399911
  860.669572327  314.081085272  -10.216333833
  861.729191824  302.802541933  -11.286709780
  862.788811321  290.536165874  -12.127379517
  863.848430818  277.532858877  -12.541218616
  864.908050314  264.455253793  -12.218469070
  865.967669811  252.251984355  -10.767985418
  867.027289308  241.970743708   -8.836217294
  868.086908805  233.656808971   -7.188352171
  869.146528302  226.604720871   -6.540690520
  870.206147799  219.696838013   -6.835065916
  871.265767296  212.144638181   -7.652319377
  872.325386792  203.673634477   -8.543082826
  873.385006289  194.374742561   -9.257841590
  874.444625786  184.387748958   -9.843681517
  875.504245283  173.800792284  -10.330870327
  876.563864780  162.706570911  -10.802045726
  877.623484277  151.280441320  -10.876975884
  878.683103774  140.114374850  -10.269312181
  879.742723270  130.053102097   -8.933153708
  880.802342767  121.601544386   -7.190861843
  881.861962264  114.779829357   -6.098268779
  882.921581761  108.509786423   -6.126495904
  883.981201258  101.631845627   -7.226038566
  885.040820755   93.418331800   -8.493089463
  886.100440252   84.131446263   -9.018869772
  887.160059748   74.891343724   -8.585323870
  888.219679245   66.495346080   -7.523441942
  889.279298742   59.131322674   -6.715042003
  890.338918239   52.415516788   -6.163516150
  891.398537736   46.298960295   -5.538493206
  892.458157233   41.042056603   -4.515246875
  893.517776730   36.951035909   -3.560327435
  894.577396226   33.533021801   -3.251633752
  895.637015723   29.979979553   -3.751962667
  896.696635220   25.894874449   -4.168790680
  897.756254717   21.816121319   -3.615305493
  898.815874214   18.674679997   -2.604557796
  899.875493711   16.405387844   -2.102978147
  900.935113208   14.042221768   -2.858230782
  901.994732704   10.426113954   -4.102753402
  903.054352201    5.836056257   -4.488392810
  904.113971698    1.787738660   -3.068594697
  905.173591195    0.000000000   -0.562103039
  906.233210692    0.724518116    1.444764694
  907.292830189    2.621217257    1.543336699
  908.352449686    3.695013656    0.133230781
  909.412069182    3.145957635   -1.254298398
  910.471688679    1.709710868   -1.478496316
  911.531308176    0.769209194   -0.488038051
  912.590927673    0.951062514    0.585230748
  913.650547170    1.999883177    0.981102389
  914.710166667    3.380998564    1.534592262
  915.769786164    5.777674076    2.985410198
  916.829405660   10.256065801    5.170445148
  917.889025157   16.995799312    7.150371709
  918.948644654   25.269733943    8.111514125
  920.008264151   34.067293434    8.149844283
  921.067883648   42.878032346    8.205438845
  922.127503145   51.820183368    8.543664822
  923.187122642   61.194652125    8.794875533
  924.246742138   70.917981532    9.289317554
  925.306361635   81.448815322   10.502377876
  926.365981132   93.613329858   12.263759276
  927.425600629  107.679980876   14.009665782
  928.485220126  123.318949928   14.983071556
  929.544839623  139.717470306   15.732670142
  930.604459119  157.128367589   17.117812220
  931.664078616  176.616193501   19.438773924
  932.723698113  198.719775056   22.011826806
  933.783317610  223.127363905   23.640936234
  934.842937107  248.681166794   24.053636792
  935.902556604  274.445849822   24.292573703
  936.962176101  300.744318008   25.352743635
  938.021795597  328.789463089   27.373173682
  939.081415094  359.165467454   29.638976477
  940.141034591  391.693828925   31.404262751
  941.200654088  425.897647840   33.004979296
  942.260273585  462.372310780   35.950511451
  943.319893082  503.104453812   40.960116900
  944.379512579  549.750460748   46.578263840
  945.439132075  601.355831799   50.095206211
  946.498751572  654.950672646   50.363693465
  947.558371069  708.140206437   49.947111845
  948.617990566  762.415572712   52.977146967
  949.677610063  822.585395476   61.145778629
  950.737229560  893.026123247   71.452968464
  951.796849057  973.419973186   79.194351304
  952.856468553 1059.398141865   82.154677964
  953.916088050 1147.039659015   83.188115509
  954.975707547 1237.558114651   88.501668196
  956.035327044 1338.122456616  102.616428302
  957.094946541 1457.864422636  123.714154762
  958.154566038 1600.554662032  144.556831610
  959.214185535 1760.968497405  155.839680485
  960.273805031 1925.502823246  151.769217033
  961.333424528 2077.557776588  132.642714102
  962.393044025 2203.585426394  104.126271094
  963.452663522 2297.583509044   73.185280930
  964.512283019 2360.372735324   46.184330826
  965.571902516 2398.072285792   26.062604006
  966.631522013 2418.317891985   13.143960633
  967.691141509 2428.072524069    5.859364386
  968.750761006 2432.236207303    2.304782067
  969.810380503 2433.835563599    0.756258211
  970.870000000 2434.336067363    0.226554657
