0.0125 0.0691467125
0.0150 0.054408125
0.0175 0.051087505000000005
0.0200 0.048474735000000005
0.0225 0.04633182
0.0250 0.044877625000000004
0.0275 0.04440388000000001
0.0300 0.04496947250000001
0.0325 0.04655915
0.0350 0.0491273725
0.0375 0.05237121499999999
0.0400 0.054801037500000004
0.0425 0.057007387500000006
0.0450 0.059302587500000004
0.0475 0.061265905
0.0500 0.0625171675
0.0525 0.063607355
0.0550 0.06467873250000003
0.0575 0.06569572250000003
0.0600 0.06625152749999999
0.0625 0.06686355499999999
0.0650 0.06791473749999999
0.0675 0.0692143875
0.0700 0.07100580250000002
0.0725 0.07332256499999999
0.0750 0.07603604250000001
0.0775 0.0791395325
0.0800 0.0827412925
0.0825 0.08644129
0.0850 0.09042680249999999
0.0875 0.0946100425
0.0900 0.09884351749999999
0.0925 0.10281138249999999
0.0950 0.1063519825
0.0975 0.10952690250000001
0.1000 0.11183735249999999
