0.0100 0.1262717875
0.0125 0.07950328749999999
0.0150 0.06932750500000001
0.0175 0.0633303375
0.0200 0.057947675000000004
0.0225 0.053015912500000005
0.0250 0.049451327499999996
0.0275 0.0481618475
0.0300 0.049133735
0.0325 0.04994241
0.0350 0.050191115
0.0375 0.0509220925
0.0400 0.052170337500000004
0.0425 0.0538815275
0.0450 0.05585942000000001
0.0475 0.05816176750000001
0.0500 0.06049906500000001
0.0525 0.06311522
0.0550 0.06617991250000001
0.0575 0.06998719500000002
0.0600 0.07496884
0.0625 0.08166241999999999
0.0650 0.09007914249999999
0.0675 0.10230633250000001
0.0700 0.11766230500000001
0.0725 0.137528035
0.0750 0.15936921750000002
0.0775 0.1811522075
0.0800 0.20091999249999998
0.0825 0.219018455
0.0850 0.2364289775
0.0875 0.25342824999999997
0.0900 0.26836852499999997
0.0925 0.2809548325
0.0950 0.29233164500000003
0.0975 0.3027749575
0.1000 0.312954095
