#! FIELDS es.morethan file.free der_es.morethan
#! SET min_es.morethan -10.0926
#! SET max_es.morethan 221.312
#! SET nbins_es.morethan  220
#! SET periodic_es.morethan false
  -10.092600000   -1.532867411   -1.906262151
   -9.035957991   -5.454714323   -6.170125549
   -7.979315982  -17.004358035  -17.294748605
   -6.922673973  -46.912254799  -42.361643114
   -5.866031963 -114.800870867  -90.662700312
   -4.809389954 -249.331151300 -168.911507630
   -3.752747945 -481.034830121 -272.453238349
   -2.696105936 -826.037157751 -377.798683137
   -1.639463927 -1266.197989288 -445.291839980
   -0.582821918 -1740.250485137 -437.363756001
    0.473820091 -2160.196335291 -344.790269899
    1.530462100 -2450.148662149 -199.692414085
    2.587104110 -2584.333603291  -60.039883178
    3.643746119 -2596.656215148   25.576218500
    4.700388128 -2553.815349221   46.036120165
    5.757030137 -2513.704834566   26.353861362
    6.813672146 -2499.595796023    2.080886942
    7.870314155 -2503.471854356   -6.165774823
    8.926956164 -2507.327386591    0.542150919
    9.983598174 -2501.420787158   10.231190136
   11.040240183 -2487.960630861   14.094319771
   12.096882192 -2473.832840801   12.127714403
   13.153524201 -2462.204025356    8.983062898
   14.210166210 -2452.413739019    9.808652547
   15.266808219 -2440.186817069   13.359437843
   16.323450228 -2424.135503225   16.612938532
   17.380092237 -2405.741723470   17.792871002
   18.436734247 -2386.840282466   17.595378512
   19.493376256 -2367.854101065   18.160800038
   20.550018265 -2347.533835112   20.234559840
   21.606660274 -2324.875463235   22.250841880
   22.663302283 -2300.785917098   22.684978979
   23.719944292 -2277.236175211   21.399526017
   24.776586301 -2255.464820412   19.649497786
   25.833228311 -2235.182124633   18.507566921
   26.889870320 -2215.703571100   18.247450456
   27.946512329 -2196.397845739   17.971915394
   29.003154338 -2177.445594057   17.532337687
   30.059796347 -2158.918195118   17.439111061
   31.116438356 -2140.051987467   18.064917627
   32.173080365 -2120.301523167   18.950666130
   33.229722374 -2099.960490891   19.073885762
   34.286364384 -2080.156849859   18.006276318
   35.343006393 -2061.799246261   16.425350935
   36.399648402 -2044.888634286   15.481468449
   37.456290411 -2028.564597738   15.356710171
   38.512932420 -2012.054011446   15.519243938
   39.569574429 -1995.305085904   16.041768258
   40.626216438 -1977.782576689   16.940062700
   41.682858447 -1959.171678546   18.059592946
   42.739500457 -1939.663856007   18.464017975
   43.796142466 -1920.630548669   16.887329025
   44.852784475 -1904.074423918   14.149936294
   45.909426484 -1890.223659646   12.153166396
   46.966068493 -1877.225927242   12.710341331
   48.022710502 -1862.414924737   15.161444369
   49.079352511 -1845.046012089   17.189436087
   50.135994521 -1826.752130478   16.791670107
   51.192636530 -1810.096322932   14.305666824
   52.249278539 -1796.133914884   12.056773784
   53.305920548 -1783.722210457   11.640423654
   54.362562557 -1770.835570191   12.466387053
   55.419204566 -1757.204223000   12.984450845
   56.475846575 -1743.824789377   11.797030985
   57.532488584 -1732.393963825    9.598788695
   58.589130594 -1723.192621217    7.760619022
   59.645772603 -1715.187226573    7.351513140
   60.702414612 -1706.884235664    8.290182256
   61.759056621 -1697.267740798    9.737797620
   62.815698630 -1686.211836439   10.890116821
   63.872340639 -1674.282763279   11.398392843
   64.928982648 -1662.296163841   11.055375600
   65.985624658 -1651.005320369    9.800007248
   67.042266667 -1641.365591443    8.244783846
   68.098908676 -1633.288087196    7.042179533
   69.155550685 -1625.755433874    7.271542981
   70.212192694 -1617.109700968    9.085415668
   71.268834703 -1606.243079916   11.205992181
   72.325476712 -1593.726255412   11.907104322
   73.382118721 -1581.606496483   10.493589941
   74.438760731 -1571.683269319    8.066937691
   75.495402740 -1564.017270664    6.496460309
   76.552044749 -1557.029812628    6.933666822
   77.608686758 -1548.748339624    8.652071653
   78.665328767 -1538.612671523   10.181016161
   79.721970776 -1527.516345036   10.345139683
   80.778612785 -1517.046190019    9.188935379
   81.835254795 -1508.249787844    7.196694607
   82.891896804 -1501.624356534    5.155808722
   83.948538813 -1497.054143969    3.361380879
   85.005180822 -1494.169537040    1.998614503
   86.061822831 -1492.418066175    1.296561233
   87.118464840 -1490.939435762    1.423226847
   88.175106849 -1488.975496934    2.185983179
   89.231748858 -1486.101963816    2.974864007
   90.288390868 -1482.637495319    3.324646191
   91.345032877 -1479.357001556    2.495701946
   92.401674886 -1477.649099548    0.345157501
   93.458316895 -1478.710901966   -2.572407257
   94.514958904 -1482.705050817   -4.870297955
   95.571600913 -1488.042142049   -4.986751274
   96.628242922 -1492.148294313   -2.490225900
   97.684884932 -1492.729880010    1.198955419
   98.741526941 -1489.649159575    4.164831301
   99.798168950 -1484.443953099    5.188528874
  100.854810959 -1479.134778673    4.541897705
  101.911452968 -1474.875573118    3.391351698
  102.968094977 -1471.703750265    2.535143808
  104.024736986 -1469.295261478    1.813903202
  105.081378995 -1467.662407751    1.189861995
  106.138021005 -1466.632394332    0.694368733
  107.194663014 -1465.904350631    0.569996779
  108.251305023 -1465.194576550    0.504167874
  109.307947032 -1464.871338471   -0.244271263
  110.364589041 -1465.910276840   -2.174553204
  111.421231050 -1469.454457492   -4.668894574
  112.477873059 -1475.469007026   -6.593177774
  113.534515068 -1482.721059399   -6.943973858
  114.591157078 -1489.235119372   -5.207987786
  115.647799087 -1493.036726583   -2.007567807
  116.704441096 -1493.180609564    1.534151036
  117.761083105 -1490.159933352    3.699412008
  118.817725114 -1486.197303077    3.021743867
  119.874367123 -1484.607151983   -0.488045195
  120.931009132 -1487.619891879   -5.377348436
  121.987651142 -1495.242735962   -8.714358626
  123.044293151 -1504.617037935   -8.594348744
  124.100935160 -1512.061290526   -5.207487430
  125.157577169 -1515.344481320   -1.346733734
  126.214219178 -1515.492560932    0.316945443
  127.270861187 -1515.496558396   -0.922421890
  128.327503196 -1517.753754119   -3.449729118
  129.384145205 -1522.207802492   -4.827131557
  130.440787215 -1527.029202405   -4.201193910
  131.497429224 -1530.686362633   -2.989206084
  132.554071233 -1533.711265289   -3.285094006
  133.610713242 -1538.136276474   -5.509952442
  134.667355251 -1545.394367783   -8.249382242
  135.723997260 -1554.918113531   -9.819679101
  136.780639269 -1565.218784744   -9.496945110
  137.837281279 -1574.546023158   -8.343182441
  138.893923288 -1582.631637545   -7.203375520
  139.950565297 -1589.772578606   -6.502317331
  141.007207306 -1596.337439420   -6.016857622
  142.063849315 -1602.349174660   -5.645584288
  143.120491324 -1608.001501110   -5.312346092
  144.177133333 -1613.444693588   -5.114020979
  145.233775342 -1618.745235976   -5.013841952
  146.290417352 -1623.932115475   -4.941972184
  147.347059361 -1629.110480570   -5.099047223
  148.403701370 -1634.744429787   -5.764715809
  149.460343379 -1641.309957621   -6.856115108
  150.516985388 -1648.976832420   -7.832206064
  151.573627397 -1657.550463941   -8.548565567
  152.630269406 -1666.939979093   -9.422728624
  153.686911416 -1677.336351582  -10.486627302
  154.743553425 -1688.706023525  -11.043758955
  155.800195434 -1700.169895049  -10.680544640
  156.856837443 -1710.986221703   -9.972759208
  157.913479452 -1721.522111363  -10.404604398
  158.970121461 -1733.318130987  -12.351411032
  160.026763470 -1747.429866144  -14.385571186
  161.083405479 -1762.984787591  -14.906013859
  162.140047489 -1778.119023984  -13.699532225
  163.196689498 -1791.639069337  -12.209077818
  164.253331507 -1804.111804821  -11.800067102
  165.309973516 -1816.773073139  -12.361310431
  166.366615525 -1830.083244218  -12.922155251
  167.423257534 -1843.752087859  -13.039237763
  168.479899543 -1857.444254429  -13.136025557
  169.536541553 -1871.505675916  -13.704845205
  170.593183562 -1886.454488393  -14.890063826
  171.649825571 -1902.800290767  -16.083787577
  172.706467580 -1920.172945402  -16.843029906
  173.763109589 -1937.947934835  -16.970547010
  174.819751598 -1955.499738932  -16.330293541
  175.876393607 -1972.108101447  -15.148436522
  176.933035616 -1987.258175510  -13.731698319
  177.989677626 -2000.916044921  -12.378820038
  179.046319635 -2013.526985426  -11.855817572
  180.102961644 -2026.405796659  -13.018285063
  181.159603653 -2041.452605281  -15.782841880
  182.216245662 -2059.750129045  -18.994515767
  183.272887671 -2080.738475019  -20.547741906
  184.329529680 -2101.969217701  -19.425647821
  185.386171689 -2120.956785867  -16.584812872
  186.442813699 -2137.020534375  -14.349089166
  187.499455708 -2151.820324175  -14.267294973
  188.556097717 -2167.607375669  -15.965848216
  189.612739726 -2185.291297129  -17.580347507
  190.669381735 -2204.067327765  -17.781289237
  191.726023744 -2222.537086278  -17.464590117
  192.782665753 -2241.069657814  -18.030671397
  193.839307763 -2260.858813106  -19.819600907
  194.895949772 -2282.521468544  -21.125339875
  195.952591781 -2304.690003767  -20.810938730
  197.009233790 -2326.310054792  -20.525389533
  198.065875799 -2349.213598223  -23.671021934
  199.122517808 -2377.331016211  -30.157456602
  200.179159817 -2411.872862097  -34.499156463
  201.235801826 -2446.906752493  -30.504527318
  202.292443836 -2473.865022832  -20.835480151
  203.349085845 -2493.399393066  -19.124850500
  204.405727854 -2521.503788588  -38.055713207
  205.462369863 -2578.395623574  -69.961408173
  206.519011872 -2661.913463757  -81.409490853
  207.575653881 -2728.382944359  -32.108580826
  208.632295890 -2702.615866764   91.737058968
  209.688937900 -2518.454767088  258.778018473
  210.745579909 -2162.198521539  406.469585778
  211.802221918 -1686.346784141  478.497505875
  212.858863927 -1184.219701196  457.053848301
  213.915505936 -744.698254010  366.469101733
  214.972147945 -417.899720462  251.017396494
  216.028789954 -208.848225026  148.474945010
  217.085431963  -92.828518491   76.344637504
  218.142073973  -36.653995403   34.265192428
  219.198715982  -12.746238784   13.329649118
  220.255357991   -3.878910429    4.482529687
  221.312000000   -0.772234053    0.963763640
