#! FIELDS es.morethan file.free der_es.morethan
#! SET min_es.morethan -10.0926
#! SET max_es.morethan 221.312
#! SET nbins_es.morethan  220
#! SET periodic_es.morethan false
  -10.092600000   -1.246604551   -1.558113936
   -9.035957991   -4.481840326   -5.100596476
   -7.979315982  -14.081493471  -14.422768379
   -6.922673973  -39.145823733  -35.634653545
   -5.866031963  -96.546014629  -76.967330991
   -4.809389954 -211.370716232 -144.811928854
   -3.752747945 -411.154459067 -236.091158658
   -2.696105936 -711.956403822 -331.284478031
   -1.639463927 -1100.575336963 -395.831553008
   -0.582821918 -1525.328055270 -395.257410722
    0.473820091 -1908.631373690 -318.521850309
    1.530462100 -2180.404916858 -191.228839007
    2.587104110 -2312.968680756  -64.129463804
    3.643746119 -2332.520509329   17.326954389
    4.700388128 -2297.715198926   39.672214035
    5.757030137 -2262.623981563   23.035734359
    6.813672146 -2251.236981748   -0.161099035
    7.870314155 -2257.723933568   -8.986974436
    8.926956164 -2264.768541947   -2.461720023
    9.983598174 -2261.448019658    8.578707321
   11.040240183 -2248.588180590   14.618635671
   12.096882192 -2232.973260913   14.208861358
   13.153524201 -2218.971645543   11.352052029
   14.210166210 -2207.070092248   11.337374308
   15.266808219 -2193.798303804   13.802533435
   16.323450228 -2177.824359819   16.024699562
   17.380092237 -2160.608695668   16.156329274
   18.436734247 -2144.052251657   14.870209039
   19.493376256 -2128.465226129   14.577847226
   20.550018265 -2112.122833019   16.430196104
   21.606660274 -2093.262531033   18.986484567
   22.663302283 -2072.130666512   20.410617583
   23.719944292 -2050.452840333   20.140903757
   24.776586301 -2029.587529261   19.185783605
   25.833228311 -2009.489478848   18.638527775
   26.889870320 -1989.623406716   18.868638323
   27.946512329 -1969.455090190   18.959732865
   29.003154338 -1949.399322445   18.603555757
   30.059796347 -1929.930114470   18.088783014
   31.116438356 -1910.830876670   17.829873853
   32.173080365 -1891.902815784   17.664226236
   33.229722374 -1873.369670982   17.049328338
   34.286364384 -1855.838951486   15.888138667
   35.343006393 -1839.512617557   14.784349795
   36.399648402 -1823.996422495   14.491910567
   37.456290411 -1808.504236844   14.725367565
   38.512932420 -1792.695048212   14.783392641
   39.569574429 -1776.929958971   14.924605782
   40.626216438 -1760.764341575   15.558230242
   41.682858447 -1743.605735000   16.778548168
   42.739500457 -1725.297904397   17.514002150
   43.796142466 -1707.157312605   16.120023436
   44.852784475 -1691.587767920   12.960905545
   45.909426484 -1679.573428197    9.785124096
   46.966068493 -1669.948146638    8.679387571
   48.022710502 -1660.266663979    9.601337825
   49.079352511 -1649.323742699   10.760995516
   50.135994521 -1637.918616032   10.332542385
   51.192636530 -1627.849953697    8.365485730
   52.249278539 -1619.836148209    6.755678613
   53.305920548 -1612.722187872    6.958529839
   54.362562557 -1604.374584907    8.667194087
   55.419204566 -1594.022583369   10.714862688
   56.475846575 -1581.931656021   11.763563186
   57.532488584 -1569.256360886   11.994914232
   58.589130594 -1556.479155836   11.973052203
   59.645772603 -1543.609517758   12.141419495
   60.702414612 -1530.625310292   12.163673541
   61.759056621 -1517.942509986   11.538900287
   62.815698630 -1506.327123062   10.164073141
   63.872340639 -1496.430751964    8.393417245
   64.928982648 -1488.519403581    6.489830319
   65.985624658 -1482.534198618    4.488624583
   67.042266667 -1478.665294823    2.692094732
   68.098908676 -1476.505034387    1.380737133
   69.155550685 -1475.135880535    1.213682997
   70.212192694 -1473.326067989    2.146472175
   71.268834703 -1470.419864166    3.099926114
   72.325476712 -1466.977290944    2.992302347
   73.382118721 -1464.221813146    1.969536438
   74.438760731 -1462.374166204    1.609181497
   75.495402740 -1459.829048752    3.437192064
   76.552044749 -1454.180187097    7.369293410
   77.608686758 -1444.154718515   11.184454520
   78.665328767 -1431.239098684   12.539457943
   79.721970776 -1418.678688375   10.539512538
   80.778612785 -1409.499490835    6.600162099
   81.835254795 -1404.532853763    2.837432422
   82.891896804 -1402.627643793    0.941782928
   83.948538813 -1401.676404988    0.940158514
   85.005180822 -1400.157931898    1.786790889
   86.061822831 -1397.829521244    2.372099856
   87.118464840 -1395.232059258    2.222729457
   88.175106849 -1393.119546667    1.549594891
   89.231748858 -1391.769609717    0.813510345
   90.288390868 -1390.995603877    0.638936462
   91.345032877 -1390.121934254    0.940926900
   92.401674886 -1388.699402831    1.637292671
   93.458316895 -1386.377027424    2.637348994
   94.514958904 -1382.835289221    4.028519641
   95.571600913 -1377.574963063    5.752871980
   96.628242922 -1370.621906738    7.191810548
   97.684884932 -1362.751666346    7.162735367
   98.741526941 -1355.943809661    5.263089571
   99.798168950 -1351.901544885    2.179717869
  100.854810959 -1351.076218083   -0.567187373
  101.911452968 -1352.401457607   -1.775575224
  102.968094977 -1354.143007530   -1.475587406
  104.024736986 -1355.226365445   -0.803527858
  105.081378995 -1355.757729265   -0.354674561
  106.138021005 -1355.989799577   -0.209011661
  107.194663014 -1355.985148857    0.094496391
  108.251305023 -1355.500482637    0.622462021
  109.307947032 -1354.542516022    0.973438281
  110.364589041 -1353.458939563    0.760891742
  111.421231050 -1352.860518146    0.230475609
  112.477873059 -1352.843831637   -0.220954522
  113.534515068 -1353.123005295   -0.370436530
  114.591157078 -1353.269996121    0.046752283
  115.647799087 -1352.749977678    0.813070428
  116.704441096 -1351.365523326    1.645367456
  117.761083105 -1349.437185438    1.677128407
  118.817725114 -1348.272482404   -0.032912625
  119.874367123 -1349.887752243   -3.266786783
  120.931009132 -1355.158707533   -6.694728812
  121.987651142 -1363.045939811   -7.795262156
  123.044293151 -1370.221618122   -5.420890053
  124.100935160 -1373.441675955   -0.587023753
  125.157577169 -1371.696426292    3.313313534
  126.214219178 -1367.568073950    3.565394546
  127.270861187 -1365.307523861    0.092755969
  128.327503196 -1367.691027545   -4.624836301
  129.384145205 -1374.249366993   -7.449566998
  130.440787215 -1382.241685456   -7.439138587
  131.497429224 -1389.367072409   -6.248098159
  132.554071233 -1395.695099631   -6.199398555
  133.610713242 -1402.840525909   -7.635088632
  134.667355251 -1411.579208050   -8.748309578
  135.723997260 -1420.356722353   -7.756106595
  136.780639269 -1426.907204785   -4.480927338
  137.837281279 -1429.637962495   -1.068781984
  138.893923288 -1429.591578881    0.601285596
  139.950565297 -1429.108509124   -0.165780011
  141.007207306 -1430.427932253   -2.578547025
  142.063849315 -1434.588321737   -5.548480565
  143.120491324 -1441.757905346   -8.153106145
  144.177133333 -1451.355731064   -9.947131881
  145.233775342 -1462.338435883  -10.720511559
  146.290417352 -1473.610408665  -10.621204125
  147.347059361 -1484.542659494  -10.242621033
  148.403701370 -1495.255887387  -10.215800290
  149.460343379 -1506.090841442  -10.436252378
  150.516985388 -1516.942376096  -10.197877985
  151.573627397 -1527.230214930   -9.378224206
  152.630269406 -1536.750948169   -8.891966034
  153.686911416 -1546.206116587   -9.390177897
  154.743553425 -1556.538626439  -10.294072425
  155.800195434 -1567.592080173  -10.590880978
  156.856837443 -1578.491595054  -10.059454758
  157.913479452 -1588.784452399   -9.690595471
  158.970121461 -1599.085569791  -10.186942284
  160.026763470 -1610.167727456  -10.881124380
  161.083405479 -1621.649017237  -10.840903977
  162.140047489 -1632.619511004  -10.018219189
  163.196689498 -1642.766933758   -9.558304042
  164.253331507 -1653.080867615  -10.335724398
  165.309973516 -1664.697402249  -11.744786482
  166.366615525 -1677.546400498  -12.528939545
  167.423257534 -1690.658843937  -12.266382704
  168.479899543 -1703.215391091  -11.749526255
  169.536541553 -1715.577322821  -11.953005919
  170.593183562 -1728.740262570  -13.353459850
  171.649825571 -1743.850002845  -15.360536368
  172.706467580 -1761.058969267  -17.276475094
  173.763109589 -1779.967781769  -18.673422055
  174.819751598 -1800.004749152  -19.306405644
  175.876393607 -1820.391561538  -19.277400526
  176.933035616 -1840.359132360  -18.583729878
  177.989677626 -1859.166651386  -17.063663577
  179.046319635 -1876.119468273  -15.178161945
  180.102961644 -1891.330798005  -13.978301816
  181.159603653 -1906.024071949  -14.221146076
  182.216245662 -1921.676340220  -15.736265058
  183.272887671 -1938.967451860  -17.028916855
  184.329529680 -1956.922763013  -16.863999137
  185.386171689 -1973.934141456  -15.382501184
  186.442813699 -1989.266555791  -14.012498739
  187.499455708 -2003.780107862  -13.899497176
  188.556097717 -2018.833054156  -14.848614772
  189.612739726 -2034.853984820  -15.537338722
  190.669381735 -2051.119854693  -15.148592778
  191.726023744 -2066.694063190  -14.680963723
  192.782665753 -2082.315403404  -15.288193804
  193.839307763 -2099.151680240  -16.901474785
  194.895949772 -2117.457757388  -17.602488825
  195.952591781 -2135.476347105  -16.423520786
  197.009233790 -2152.048633243  -15.387647920
  198.065875799 -2169.220869798  -18.078004842
  199.122517808 -2191.423890199  -24.639600479
  200.179159817 -2220.488677005  -29.758632628
  201.235801826 -2251.305695890  -27.369861310
  202.292443836 -2275.932333293  -19.432028091
  203.349085845 -2294.208133088  -17.602929082
  204.405727854 -2318.834990218  -32.112328065
  205.462369863 -2364.953542917  -54.875605338
  206.519011872 -2427.016950708  -56.261358631
  207.575653881 -2464.061077374   -3.233049138
  208.632295890 -2411.234079265  111.746374616
  209.688937900 -2216.428978160  257.257967205
  210.745579909 -1875.969364483  378.128747988
  211.802221918 -1442.304828684  428.719015756
  212.858863927 -998.606496762  398.662225554
  213.915505936 -619.307436334  312.796509546
  214.972147945 -342.834673576  210.269654333
  216.028789954 -169.074093105  122.295239232
  217.085431963  -74.173463482   61.900610531
  218.142073973  -28.914240183   27.372564343
  219.198715982   -9.906024229   10.469676084
  220.255357991   -2.957966343    3.448084635
  221.312000000   -0.522105101    0.654613179
