#! FIELDS es.morethan file.free der_es.morethan
#! SET min_es.morethan -10.0926
#! SET max_es.morethan 221.312
#! SET nbins_es.morethan  220
#! SET periodic_es.morethan false
  -10.092600000   -1.246604551   -1.558113936
   -9.035957991   -4.481840326   -5.100596476
   -7.979315982  -14.081978676  -14.423429272
   -6.922673973  -39.152360960  -35.643353936
   -5.866031963  -96.582089410  -77.012568326
   -4.809389954 -211.518595930 -144.984459670
   -3.752747945 -411.638193361 -236.604478870
   -2.696105936 -713.362302951 -332.626781770
   -1.639463927 -1104.225669515 -398.930100746
   -0.582821918 -1533.796000204 -401.551109969
    0.473820091 -1926.206647171 -329.744034947
    1.530462100 -2213.077876178 -208.712396925
    2.587104110 -2367.472936125  -87.771954377
    3.643746119 -2414.335929005  -10.139257912
    4.700388128 -2408.724632920   12.706323180
    5.757030137 -2399.731088484    1.321714299
    6.813672146 -2407.059736055  -13.602178314
    7.870314155 -2423.265447457  -14.205171412
    8.926956164 -2432.591452940   -2.133313666
    9.983598174 -2427.538345513   11.005467582
   11.040240183 -2412.129596468   16.772619077
   12.096882192 -2394.732041491   15.452983644
   13.153524201 -2379.702602364   12.181464243
   14.210166210 -2366.850553934   12.394505685
   15.266808219 -2352.208752776   15.351949032
   16.323450228 -2334.357368936   18.013622711
   17.380092237 -2314.857901959   18.448859748
   18.436734247 -2295.765788462   17.300393296
   19.493376256 -2277.660931256   16.800226920
   20.550018265 -2259.305215735   17.907064403
   21.606660274 -2239.519043611   19.182405339
   22.663302283 -2218.954695581   19.129074463
   23.719944292 -2199.297485878   17.658434840
   24.776586301 -2181.416269490   16.106345375
   25.833228311 -2164.588674320   15.585936014
   26.889870320 -2147.743730421   16.216458117
   27.946512329 -2130.120146961   16.784157948
   29.003154338 -2112.123643255   16.851644041
   30.059796347 -2094.243666305   16.848600046
   31.116438356 -2076.074354095   17.337274138
   32.173080365 -2057.159880238   18.138703397
   33.229722374 -2037.609007912   18.453762089
   34.286364384 -2018.229904802   17.889297890
   35.343006393 -1999.650360916   16.978559285
   36.399648402 -1981.830772373   16.628562897
   37.456290411 -1964.140492460   16.714205830
   38.512932420 -1946.337562667   16.515046284
   39.569574429 -1928.997139880   16.083191113
   40.626216438 -1912.116927585   15.647050417
   41.682858447 -1895.627054157   15.354992356
   42.739500457 -1879.660735938   14.532615114
   43.796142466 -1865.291282112   12.060452008
   44.852784475 -1854.118652129    8.870106557
   45.909426484 -1845.867463599    6.934684828
   46.966068493 -1838.115578024    8.091155957
   48.022710502 -1827.670298721   11.582809481
   49.079352511 -1813.457286524   14.789863142
   50.135994521 -1797.179462706   15.308622867
   51.192636530 -1781.859691898   13.156906753
   52.249278539 -1769.217594326   10.627634072
   53.305920548 -1758.640465689    9.585127519
   54.362562557 -1748.251078112    9.842906083
   55.419204566 -1737.541244122   10.159434522
   56.475846575 -1727.069615702    9.181405436
   57.532488584 -1718.180501124    7.434378205
   58.589130594 -1711.030215484    6.021671980
   59.645772603 -1704.720471736    5.847115840
   60.702414612 -1697.984835946    6.798459483
   61.759056621 -1689.991419941    8.159774695
   62.815698630 -1680.633381726    9.283922342
   63.872340639 -1670.349284971    9.921316983
   64.928982648 -1659.783557315    9.866043923
   65.985624658 -1649.565258265    8.968336477
   67.042266667 -1640.627376882    7.737080135
   68.098908676 -1632.951729777    6.772947295
   69.155550685 -1625.621264447    7.149546208
   70.212192694 -1617.061455644    9.035883223
   71.268834703 -1606.227755617   11.188459906
   72.325476712 -1593.721955796   11.901680407
   73.382118721 -1581.606496483   10.493589941
   74.438760731 -1571.683269319    8.066937691
   75.495402740 -1564.017270664    6.496460309
   76.552044749 -1557.029812628    6.933666822
   77.608686758 -1548.748339624    8.652071653
   78.665328767 -1538.612671523   10.181016161
   79.721970776 -1527.516345036   10.345139683
   80.778612785 -1517.046190019    9.188935379
   81.835254795 -1508.249787844    7.196694607
   82.891896804 -1501.624356534    5.155808722
   83.948538813 -1497.054143969    3.361380879
   85.005180822 -1494.169537040    1.998614503
   86.061822831 -1492.418066175    1.296561233
   87.118464840 -1490.939435762    1.423226847
   88.175106849 -1488.975496934    2.185983179
   89.231748858 -1486.101963816    2.974864007
   90.288390868 -1482.637495319    3.324646191
   91.345032877 -1479.357001556    2.495701946
   92.401674886 -1477.649099548    0.345157501
   93.458316895 -1478.710901966   -2.572407257
   94.514958904 -1482.705050817   -4.870297955
   95.571600913 -1488.042142049   -4.986751274
   96.628242922 -1492.148294313   -2.490225900
   97.684884932 -1492.729880010    1.198955419
   98.741526941 -1489.649159575    4.164831301
   99.798168950 -1484.443953099    5.188528874
  100.854810959 -1479.134778673    4.541897705
  101.911452968 -1474.875573118    3.391351698
  102.968094977 -1471.703750265    2.535143808
  104.024736986 -1469.295261478    1.813903202
  105.081378995 -1467.662407751    1.189861995
  106.138021005 -1466.632394332    0.694368733
  107.194663014 -1465.904350631    0.569996779
  108.251305023 -1465.194576550    0.504167874
  109.307947032 -1464.871338471   -0.244271263
  110.364589041 -1465.910276840   -2.174553204
  111.421231050 -1469.454457492   -4.668894574
  112.477873059 -1475.469007026   -6.593177774
  113.534515068 -1482.721059399   -6.943973858
  114.591157078 -1489.235119372   -5.207987786
  115.647799087 -1493.036726583   -2.007567807
  116.704441096 -1493.180609564    1.534151036
  117.761083105 -1490.159933352    3.699412008
  118.817725114 -1486.197303077    3.021743867
  119.874367123 -1484.607151983   -0.488045195
  120.931009132 -1487.619891879   -5.377348436
  121.987651142 -1495.242735962   -8.714358626
  123.044293151 -1504.617037935   -8.594348744
  124.100935160 -1512.061290526   -5.207487430
  125.157577169 -1515.344481320   -1.346733734
  126.214219178 -1515.492560932    0.316945443
  127.270861187 -1515.496558396   -0.922421890
  128.327503196 -1517.753754119   -3.449729118
  129.384145205 -1522.207802492   -4.827131557
  130.440787215 -1527.029202405   -4.201193910
  131.497429224 -1530.686362633   -2.989206084
  132.554071233 -1533.711265289   -3.285094006
  133.610713242 -1538.136276474   -5.509952442
  134.667355251 -1545.394367783   -8.249382242
  135.723997260 -1554.918113531   -9.819679101
  136.780639269 -1565.218784744   -9.496945110
  137.837281279 -1574.546023158   -8.343182441
  138.893923288 -1582.631637545   -7.203375520
  139.950565297 -1589.772578606   -6.502317331
  141.007207306 -1596.337439420   -6.016857622
  142.063849315 -1602.349174660   -5.645584288
  143.120491324 -1608.001501110   -5.312346092
  144.177133333 -1613.444693588   -5.114020979
  145.233775342 -1618.745235976   -5.013841952
  146.290417352 -1623.932115475   -4.941972184
  147.347059361 -1629.110480570   -5.099047223
  148.403701370 -1634.744429787   -5.764715809
  149.460343379 -1641.309957621   -6.856115108
  150.516985388 -1648.976832420   -7.832206064
  151.573627397 -1657.550463941   -8.548565567
  152.630269406 -1666.939979093   -9.422728624
  153.686911416 -1677.336351582  -10.486627302
  154.743553425 -1688.706023525  -11.043758955
  155.800195434 -1700.169895049  -10.680544640
  156.856837443 -1710.986221703   -9.972759208
  157.913479452 -1721.522111363  -10.404604398
  158.970121461 -1733.318130987  -12.351411032
  160.026763470 -1747.429866144  -14.385571186
  161.083405479 -1762.984787591  -14.906013859
  162.140047489 -1778.119023984  -13.699532225
  163.196689498 -1791.639069337  -12.209077818
  164.253331507 -1804.111804821  -11.800067102
  165.309973516 -1816.773073139  -12.361310431
  166.366615525 -1830.083244218  -12.922155251
  167.423257534 -1843.752087859  -13.039237763
  168.479899543 -1857.444254429  -13.136025557
  169.536541553 -1871.505675916  -13.704845205
  170.593183562 -1886.454488393  -14.890063826
  171.649825571 -1902.800290767  -16.083787577
  172.706467580 -1920.172945402  -16.843029906
  173.763109589 -1937.947934835  -16.970547010
  174.819751598 -1955.499738932  -16.330293541
  175.876393607 -1972.108101447  -15.148436522
  176.933035616 -1987.258175510  -13.731698319
  177.989677626 -2000.916044921  -12.378820038
  179.046319635 -2013.526985426  -11.855817572
  180.102961644 -2026.405796659  -13.018285063
  181.159603653 -2041.452605281  -15.782841880
  182.216245662 -2059.750129045  -18.994515767
  183.272887671 -2080.738475019  -20.547741906
  184.329529680 -2101.969217701  -19.425647821
  185.386171689 -2120.956785867  -16.584812872
  186.442813699 -2137.020534375  -14.349089166
  187.499455708 -2151.820324175  -14.267294973
  188.556097717 -2167.607375669  -15.965848216
  189.612739726 -2185.291297129  -17.580347507
  190.669381735 -2204.067327765  -17.781289237
  191.726023744 -2222.537086278  -17.464590117
  192.782665753 -2241.069657814  -18.030671397
  193.839307763 -2260.858813106  -19.819600907
  194.895949772 -2282.521468544  -21.125339875
  195.952591781 -2304.690003767  -20.810938730
  197.009233790 -2326.310054792  -20.525389533
  198.065875799 -2349.213598223  -23.671021934
  199.122517808 -2377.331016211  -30.157456602
  200.179159817 -2411.872862097  -34.499156463
  201.235801826 -2446.906752493  -30.504527318
  202.292443836 -2473.865022832  -20.835480151
  203.349085845 -2493.399393066  -19.124850500
  204.405727854 -2521.503788588  -38.055713207
  205.462369863 -2578.395623574  -69.961408173
  206.519011872 -2661.913463757  -81.409490853
  207.575653881 -2728.382944359  -32.108580826
  208.632295890 -2702.615866764   91.737058968
  209.688937900 -2518.454767088  258.778018473
  210.745579909 -2162.198521539  406.469585778
  211.802221918 -1686.346784141  478.497505875
  212.858863927 -1184.219701196  457.053848301
  213.915505936 -744.698254010  366.469101733
  214.972147945 -417.899720462  251.017396494
  216.028789954 -208.848225026  148.474945010
  217.085431963  -92.828518491   76.344637504
  218.142073973  -36.653995403   34.265192428
  219.198715982  -12.746238784   13.329649118
  220.255357991   -3.878910429    4.482529687
  221.312000000   -0.772234053    0.963763640
