#! FIELDS es.morethan file.free der_es.morethan
#! SET min_es.morethan -10.0926
#! SET max_es.morethan 221.312
#! SET nbins_es.morethan  220
#! SET periodic_es.morethan false
  -10.092600000   -1.246604551   -1.558113936
   -9.035957991   -4.481840326   -5.100596476
   -7.979315982  -14.081493471  -14.422768379
   -6.922673973  -39.145823733  -35.634653545
   -5.866031963  -96.544404143  -76.965129212
   -4.809389954 -211.360276589 -144.798459672
   -3.752747945 -411.111671339 -236.040236141
   -2.696105936 -711.813345191 -331.129960418
   -1.639463927 -1100.152532741 -395.421856227
   -0.582821918 -1524.216330838 -394.302829664
    0.473820091 -1906.025773172 -316.567673446
    1.530462100 -2174.967021644 -187.736737652
    2.587104110 -2302.835686074  -58.694683849
    3.643746119 -2315.607886519   24.665147529
    4.700388128 -2272.317758187   48.221877108
    5.757030137 -2228.077717423   31.573463712
    6.813672146 -2208.252223289    7.087571913
    7.870314155 -2208.132298337   -3.801993008
    8.926956164 -2210.836879061    0.609280806
    9.983598174 -2205.199751398    9.982131186
   11.040240183 -2191.497095260   14.892980177
   12.096882192 -2175.987211687   13.801841973
   13.153524201 -2162.580085318   10.714351720
   14.210166210 -2151.227279850   11.037778474
   15.266808219 -2137.830145467   14.417505647
   16.323450228 -2120.570283223   17.850256607
   17.380092237 -2100.838601621   19.021841092
   18.436734247 -2080.932352901   18.244721538
   19.493376256 -2061.785416201   17.868472130
   20.550018265 -2042.186183888   19.280741543
   21.606660274 -2020.553788859   21.414883374
   22.663302283 -1996.960883317   22.701447097
   23.719944292 -1972.776283668   22.647504691
   24.776586301 -1949.045665875   22.131093840
   25.833228311 -1925.608026443   22.000733154
   26.889870320 -1902.057564765   22.431148604
   27.946512329 -1878.131291465   22.475856778
   29.003154338 -1854.427656307   22.011110187
   30.059796347 -1831.322217203   21.640101118
   31.116438356 -1808.164854459   22.072739206
   32.173080365 -1784.131102119   23.165641959
   33.229722374 -1759.001863532   24.024772658
   34.286364384 -1733.492642210   23.898679096
   35.343006393 -1708.610416465   22.743416251
   36.399648402 -1685.311113064   21.054600312
   37.456290411 -1664.141119160   18.786840485
   38.512932420 -1645.587778126   15.903859020
   39.569574429 -1630.087842700   13.413184243
   40.626216438 -1616.548499449   12.277778119
   41.682858447 -1603.291255567   12.886116972
   42.739500457 -1588.869400214   14.266762779
   43.796142466 -1573.322775618   14.620919339
   44.852784475 -1558.106677758   13.860959613
   45.909426484 -1543.864308441   13.043435177
   46.966068493 -1529.852030371   13.561560842
   48.022710502 -1514.666187855   14.964469688
   49.079352511 -1498.355681814   15.402143657
   50.135994521 -1482.851431472   13.363821250
   51.192636530 -1470.606219812    9.466877015
   52.249278539 -1462.351552696    6.218841952
   53.305920548 -1456.343686849    5.565825281
   54.362562557 -1449.577407917    7.206094361
   55.419204566 -1440.665724395    9.446395183
   56.475846575 -1429.986302398   10.234370550
   57.532488584 -1419.449692087    9.337759988
   58.589130594 -1410.405602092    7.506115458
   59.645772603 -1403.251114479    5.879944137
   60.702414612 -1397.558059359    4.789338960
   61.759056621 -1392.820044897    4.062624958
   62.815698630 -1388.764131026    3.486036209
   63.872340639 -1385.221330189    3.134895694
   64.928982648 -1381.965492793    2.990342971
   65.985624658 -1378.709791859    2.841830491
   67.042266667 -1375.630735700    2.839315434
   68.098908676 -1372.434492696    3.178611340
   69.155550685 -1368.413875387    4.402864087
   70.212192694 -1362.720204709    6.227461657
   71.268834703 -1355.375208987    7.313389581
   72.325476712 -1347.798513677    6.479572103
   73.382118721 -1342.029817996    4.138250903
   74.438760731 -1338.683334995    2.295705062
   75.495402740 -1336.107587801    2.885593369
   76.552044749 -1331.521373563    5.980798529
   77.608686758 -1323.200387124    9.433435440
   78.665328767 -1312.112518198   10.942161531
   79.721970776 -1300.908505463    9.667300490
   80.778612785 -1292.052061700    6.925326260
   81.835254795 -1286.012197134    4.544857595
   82.891896804 -1281.664336260    3.803236456
   83.948538813 -1277.322687257    4.383809363
   85.005180822 -1272.184795782    5.072163126
   86.061822831 -1266.802550093    4.800278250
   87.118464840 -1262.300139035    3.377853068
   88.175106849 -1259.628397833    1.510186659
   89.231748858 -1258.765771904    0.029400670
   90.288390868 -1259.024327752   -0.463631641
   91.345032877 -1259.452356293   -0.436162059
   92.401674886 -1259.751182308   -0.294955737
   93.458316895 -1259.879151441   -0.069870385
   94.514958904 -1259.548335765    0.745927129
   95.571600913 -1257.872059544    2.348167389
   96.628242922 -1254.444066453    3.957287617
   97.684884932 -1249.970326923    3.917957695
   98.741526941 -1246.779570770    1.622362468
   99.798168950 -1246.866806625   -1.926018520
  100.854810959 -1250.414041187   -4.583882301
  101.911452968 -1255.530771097   -4.753951159
  102.968094977 -1259.522129896   -2.680170212
  104.024736986 -1260.872118176   -0.120669641
  105.081378995 -1259.939535055    1.599589193
  106.138021005 -1257.861517925    2.064389199
  107.194663014 -1255.706050615    1.776563956
  108.251305023 -1253.995338268    1.249532220
  109.307947032 -1252.916474005    0.644152377
  110.364589041 -1252.456962067    0.030231353
  111.421231050 -1252.575538580   -0.303936162
  112.477873059 -1252.914905759   -0.354416923
  113.534515068 -1253.252238424   -0.432067510
  114.591157078 -1253.712429763   -0.592668287
  115.647799087 -1254.394278955   -0.846884090
  116.704441096 -1255.242661662   -0.797316429
  117.761083105 -1255.916907029   -0.609686247
  118.817725114 -1256.582613312   -1.036592354
  119.874367123 -1258.363749556   -2.603160527
  120.931009132 -1262.370098212   -5.178686912
  121.987651142 -1268.943726271   -7.119035232
  123.044293151 -1276.547977379   -7.047270106
  124.100935160 -1282.910515120   -4.847988063
  125.157577169 -1286.694278636   -2.624244828
  126.214219178 -1289.080500770   -2.576113330
  127.270861187 -1292.831763079   -4.969495950
  128.327503196 -1299.645249816   -7.830100854
  129.384145205 -1308.433707037   -8.397932344
  130.440787215 -1316.174130508   -6.010771712
  131.497429224 -1320.691633753   -2.877453456
  132.554071233 -1322.946090163   -2.120117613
  133.610713242 -1326.212752099   -4.682384368
  134.667355251 -1333.185687060   -8.545517692
  135.723997260 -1343.532505212  -10.870105155
  136.780639269 -1354.844787449  -10.148756149
  137.837281279 -1364.176279193   -7.570076591
  138.893923288 -1370.652629885   -4.998694286
  139.950565297 -1375.125019553   -3.858651125
  141.007207306 -1379.302445668   -4.360660686
  142.063849315 -1384.628552520   -6.107197939
  143.120491324 -1392.084061539   -8.238649647
  144.177133333 -1401.684337030   -9.863737591
  145.233775342 -1412.370935766  -10.130526245
  146.290417352 -1422.436946394   -8.758034463
  147.347059361 -1430.381875196   -6.354318801
  148.403701370 -1435.762184814   -3.996790397
  149.460343379 -1438.991404990   -2.405326850
  150.516985388 -1440.925918296   -1.614936614
  151.573627397 -1442.557845720   -1.836150956
  152.630269406 -1445.229277445   -3.608167201
  153.686911416 -1450.469435997   -6.653093946
  154.743553425 -1458.979628597   -9.399906092
  155.800195434 -1469.547546442  -10.363907820
  156.856837443 -1480.107798636   -9.525575510
  157.913479452 -1489.478048566   -8.453110866
  158.970121461 -1498.107709824   -8.286683229
  160.026763470 -1506.881489582   -8.417348061
  161.083405479 -1515.460168528   -7.809919195
  162.140047489 -1522.955692301   -6.512664874
  163.196689498 -1529.350092677   -6.080973666
  164.253331507 -1536.400682343   -7.777522197
  165.309973516 -1546.180287566  -10.901330804
  166.366615525 -1559.109308934  -13.434295500
  167.423257534 -1573.697550158  -13.894014219
  168.479899543 -1587.644783049  -12.469895550
  169.536541553 -1599.616640249  -10.307773339
  170.593183562 -1609.506324490   -8.791306170
  171.649825571 -1618.434643387   -8.348953893
  172.706467580 -1627.440115368   -8.962151575
  173.763109589 -1637.465975420  -10.399725986
  174.819751598 -1649.353973366  -12.359343973
  175.876393607 -1663.626757465  -14.817091528
  176.933035616 -1680.589539484  -17.415555490
  177.989677626 -1699.976301385  -19.232979353
  179.046319635 -1720.605633122  -19.714568506
  180.102961644 -1741.128282779  -19.184139731
  181.159603653 -1760.922246061  -18.436964504
  182.216245662 -1780.096296481  -18.133881491
  183.272887671 -1799.044543701  -17.881641154
  184.329529680 -1817.549969096  -17.253063575
  185.386171689 -1835.281535698  -16.508116779
  186.442813699 -1852.526376885  -16.531228336
  187.499455708 -1870.372762686  -17.557663142
  188.556097717 -1889.479303742  -18.649620521
  189.612739726 -1909.102714581  -18.352963179
  190.669381735 -1927.569164556  -16.469999067
  191.726023744 -1943.848304747  -14.771708774
  192.782665753 -1959.264025634  -14.947774080
  193.839307763 -1975.862558618  -16.886069211
  194.895949772 -1994.547926319  -18.364356883
  195.952591781 -2013.889590478  -18.156909137
  197.009233790 -2032.810723812  -18.057915358
  198.065875799 -2053.164795694  -21.325300167
  199.122517808 -2078.851430858  -27.851043955
  200.179159817 -2111.105455416  -32.552950286
  201.235801826 -2144.822607999  -30.224884828
  202.292443836 -2173.136348281  -23.860993498
  203.349085845 -2197.752458282  -25.426798258
  204.405727854 -2232.917462673  -44.213624856
  205.462369863 -2293.800507960  -70.400497834
  206.519011872 -2373.089656392  -72.871311403
  207.575653881 -2427.064028674  -18.250785438
  208.632295890 -2388.419916530  100.133690185
  209.688937900 -2203.839942909  249.509235574
  210.745579909 -1869.773497597  373.642601610
  211.802221918 -1439.587931523  426.451888232
  212.858863927 -997.548045882  397.661419511
  213.915505936 -618.942181629  312.410606629
  214.972147945 -342.727182268  210.144644059
  216.028789954 -169.052966214  122.268777608
  217.085431963  -74.173463482   61.900610531
  218.142073973  -28.914240183   27.372564343
  219.198715982   -9.906024229   10.469676084
  220.255357991   -2.957966343    3.448084635
  221.312000000   -0.522105101    0.654613179
