#! FIELDS es.morethan file.free der_es.morethan
#! SET min_es.morethan -10.0926
#! SET max_es.morethan 221.312
#! SET nbins_es.morethan  220
#! SET periodic_es.morethan false
  -10.092600000   -1.246604551   -1.558113936
   -9.035957991   -4.481840326   -5.100596476
   -7.979315982  -14.081493471  -14.422768379
   -6.922673973  -39.146749478  -35.635927933
   -5.866031963  -96.554014078  -76.977857004
   -4.809389954 -211.406007264 -144.854958388
   -3.752747945 -411.279609908 -236.230666275
   -2.696105936 -712.341530870 -331.671784469
   -1.639463927 -1101.630042349 -396.777873521
   -0.582821918 -1527.901023892 -397.288738638
    0.473820091 -1914.233611365 -322.348030610
    1.530462100 -2191.314646714 -197.539198853
    2.587104110 -2332.013497460  -73.203515084
    3.643746119 -2362.423562491    6.017672145
    4.700388128 -2340.149835328   27.566510880
    5.757030137 -2317.417413969   12.080312828
    6.813672146 -2316.227846259   -8.292272960
    7.870314155 -2329.459227318  -13.602019245
    8.926956164 -2339.682305117   -4.017336637
    9.983598174 -2336.898713457    8.896803580
   11.040240183 -2323.277911223   15.559103927
   12.096882192 -2306.737854746   14.922334709
   13.153524201 -2292.275738701   11.489618772
   14.210166210 -2280.534576291   10.929449201
   15.266808219 -2267.861656151   13.146929343
   16.323450228 -2252.497153280   15.625790138
   17.380092237 -2235.299995582   16.616207343
   18.436734247 -2217.571069882   16.662640565
   19.493376256 -2199.316793314   17.794746221
   20.550018265 -2178.983331361   20.643644139
   21.606660274 -2155.479854166   23.410779076
   22.663302283 -2129.921164303   24.243060209
   23.719944292 -2104.727920170   22.918332073
   24.776586301 -2081.483300696   20.952995119
   25.833228311 -2059.862576673   19.829770788
   26.889870320 -2038.800396610   20.004800329
   27.946512329 -2017.323252371   20.305824715
   29.003154338 -1995.768762467   20.023660023
   30.059796347 -1974.926210169   19.184452095
   31.116438356 -1955.015987857   18.218317229
   32.173080365 -1936.087243424   17.294476616
   33.229722374 -1918.167648887   16.366967505
   34.286364384 -1901.168339002   15.704846102
   35.343006393 -1884.386974104   15.938834776
   36.399648402 -1866.751484239   17.351210559
   37.456290411 -1847.479128581   18.883106086
   38.512932420 -1827.052561264   19.131740590
   39.569574429 -1807.174548874   18.150556831
   40.626216438 -1788.626840229   16.744794599
   41.682858447 -1771.389977326   15.788008033
   42.739500457 -1755.020581712   14.989886574
   43.796142466 -1739.887806350   13.141318424
   44.852784475 -1727.212334774   10.615128997
   45.909426484 -1716.998814631    8.787822095
   46.966068493 -1707.628690815    9.152263496
   48.022710502 -1696.858010894   11.048505925
   49.079352511 -1684.231720954   12.339085788
   50.135994521 -1671.427333406   11.314243725
   51.192636530 -1660.733932110    8.608631123
   52.249278539 -1652.626691118    6.836390116
   53.305920548 -1645.095568499    7.821936060
   54.362562557 -1635.099389896   10.973937842
   55.419204566 -1621.560906228   14.334853528
   56.475846575 -1605.339576715   15.746922290
   57.532488584 -1588.833817369   15.048650256
   58.589130594 -1573.768343488   13.149890957
   59.645772603 -1560.725846266   11.355013814
   60.702414612 -1549.265879441   10.261467315
   61.759056621 -1538.580901451    9.897085299
   62.815698630 -1527.999028803   10.006536476
   63.872340639 -1517.219178780   10.226733796
   64.928982648 -1506.443187167    9.955976638
   65.985624658 -1496.324964167    8.650137606
   67.042266667 -1488.122307438    6.591858796
   68.098908676 -1482.274785729    4.394871691
   69.155550685 -1478.273847614    3.187331256
   70.212192694 -1474.866990693    3.236161633
   71.268834703 -1471.164422409    3.557265180
   72.325476712 -1467.486365704    3.001012854
   73.382118721 -1464.927984332    1.587626882
   74.438760731 -1463.705556345    0.793972224
   75.495402740 -1462.267022857    2.154833308
   76.552044749 -1458.196806798    5.681448029
   77.608686758 -1450.085859774    9.288792379
   78.665328767 -1439.180087341   10.659836828
   79.721970776 -1428.567540232    8.710401223
   80.778612785 -1421.420461505    4.499551683
   81.835254795 -1419.071634383   -0.111082492
   82.891896804 -1420.923785865   -3.240426406
   83.948538813 -1424.946937358   -4.161133448
   85.005180822 -1428.816575794   -3.057484395
   86.061822831 -1430.783718541   -0.667357891
   87.118464840 -1429.947728413    2.005897999
   88.175106849 -1426.622638991    3.906359377
   89.231748858 -1422.053301647    4.221946763
   90.288390868 -1418.053267159    2.992351605
   91.345032877 -1416.065557982    0.469507125
   92.401674886 -1417.047483287   -2.494917606
   93.458316895 -1420.969168203   -4.927292449
   94.514958904 -1426.790686945   -5.893861730
   95.571600913 -1432.573662831   -4.939132148
   96.628242922 -1436.570670204   -2.571918909
   97.684884932 -1437.902204483   -0.311485851
   98.741526941 -1437.446655277    0.719280678
   99.798168950 -1436.682157397    0.421709179
  100.854810959 -1436.561829003   -0.283923793
  101.911452968 -1436.885631731   -0.285056006
  102.968094977 -1436.665922588    0.699287828
  104.024736986 -1435.147918418    1.955703497
  105.081378995 -1432.412858418    3.087007113
  106.138021005 -1428.649842756    3.877590321
  107.194663014 -1424.135780666    4.448547344
  108.251305023 -1419.200631705    4.543627923
  109.307947032 -1414.657902427    3.711330759
  110.364589041 -1411.541669600    1.785396086
  111.421231050 -1410.803602229   -0.491682955
  112.477873059 -1412.286404834   -2.233305308
  113.534515068 -1414.994951097   -2.790384715
  114.591157078 -1417.437756327   -1.710203508
  115.647799087 -1417.975793984    0.694414119
  116.704441096 -1415.603132495    3.638465058
  117.761083105 -1410.591423442    5.354330400
  118.817725114 -1405.216238672    3.959725749
  119.874367123 -1403.266974390   -0.832323912
  120.931009132 -1407.497566200   -7.351559188
  121.987651142 -1417.980854714  -12.030002865
  123.044293151 -1431.223991541  -12.436965152
  124.100935160 -1442.562472285   -8.582130927
  125.157577169 -1448.806275111   -3.474715550
  126.214219178 -1450.360768159   -0.168047803
  127.270861187 -1450.024569493    0.188021897
  128.327503196 -1450.458890545   -1.213571204
  129.384145205 -1452.287369810   -2.236404207
  130.440787215 -1454.555388470   -2.076397708
  131.497429224 -1456.488072464   -1.915402737
  132.554071233 -1459.040205421   -3.435170729
  133.610713242 -1464.209325169   -6.704781358
  134.667355251 -1473.084313563  -10.008579542
  135.723997260 -1484.495124122  -11.511353175
  136.780639269 -1496.249284636  -10.445385571
  137.837281279 -1505.933107938   -8.002742634
  138.893923288 -1512.872846089   -5.366777902
  139.950565297 -1517.373039276   -3.418169023
  141.007207306 -1520.289994098   -2.323826470
  142.063849315 -1522.458367768   -2.193988864
  143.120491324 -1524.944988986   -2.871269120
  144.177133333 -1528.542815066   -4.082953252
  145.233775342 -1533.478689435   -5.281887707
  146.290417352 -1539.434736501   -6.025047246
  147.347059361 -1545.925359816   -6.388047622
  148.403701370 -1552.812901955   -6.778751295
  149.460343379 -1560.148507124   -7.261631870
  150.516985388 -1567.840203292   -7.457002270
  151.573627397 -1575.606549278   -7.419954382
  152.630269406 -1583.541038088   -7.853563584
  153.686911416 -1592.271100658   -8.977731246
  154.743553425 -1602.236427421   -9.911869026
  155.800195434 -1612.644952752   -9.708223971
  156.856837443 -1622.245596727   -8.507818268
  157.913479452 -1630.678672243   -7.817168266
  158.970121461 -1639.137517398   -8.710039515
  160.026763470 -1649.223814258  -10.600648334
  161.083405479 -1661.292345365  -12.299723719
  162.140047489 -1674.738097373  -13.185769036
  163.196689498 -1688.861030624  -13.759533817
  164.253331507 -1703.666931240  -14.436531503
  165.309973516 -1719.048796464  -14.606741602
  166.366615525 -1733.919317075  -13.443211904
  167.423257534 -1746.867455496  -11.074459927
  168.479899543 -1757.149329951   -8.696240896
  169.536541553 -1765.462058465   -7.397572780
  170.593183562 -1773.146242704   -7.590391788
  171.649825571 -1781.644639126   -8.671385519
  172.706467580 -1791.480340230  -10.102753955
  173.763109589 -1802.831711287  -11.666056267
  174.819751598 -1815.861871957  -13.157938012
  175.876393607 -1830.436969007  -14.483022464
  176.933035616 -1846.123744574  -15.284735047
  177.989677626 -1862.150733586  -15.061978026
  179.046319635 -1877.516830114  -14.113877539
  180.102961644 -1891.940385367  -13.520187373
  181.159603653 -1906.358201261  -14.130072928
  182.216245662 -1922.068769877  -15.948158367
  183.272887671 -1939.769322215  -17.626022978
  184.329529680 -1958.643236809  -18.067364726
  185.386171689 -1977.377165613  -17.493567882
  186.442813699 -1995.557748095  -17.331298096
  187.499455708 -2014.280040782  -18.536429374
  188.556097717 -2034.828005082  -20.525260427
  189.612739726 -2057.082968957  -21.498984266
  190.669381735 -2079.338116477  -20.341182136
  191.726023744 -2099.578590513  -18.206277847
  192.782665753 -2117.895460236  -16.891843382
  193.839307763 -2135.630961238  -17.152311761
  194.895949772 -2153.953317308  -17.572107441
  195.952591781 -2172.244249144  -17.098568266
  197.009233790 -2190.140009087  -17.248759560
  198.065875799 -2209.901629891  -21.075962045
  199.122517808 -2235.714492435  -28.390593217
  200.179159817 -2268.875466064  -33.631510574
  201.235801826 -2303.442830591  -30.410131265
  202.292443836 -2330.300289633  -20.401756808
  203.349085845 -2348.000549274  -15.410879904
  204.405727854 -2368.445449721  -26.437545067
  205.462369863 -2407.021403297  -46.500911826
  206.519011872 -2459.504123987  -46.807328347
  207.575653881 -2486.769903841    5.558888066
  208.632295890 -2425.554798646  118.703130947
  209.688937900 -2224.557652323  262.016376456
  210.745579909 -1880.118968310  380.973538930
  211.802221918 -1444.209244992  430.216179232
  212.858863927 -999.392449827  399.359787648
  213.915505936 -619.597701924  313.083403796
  214.972147945 -342.927321616  210.369829740
  216.028789954 -169.096087061  122.320381176
  217.085431963  -74.178118425   61.906295055
  218.142073973  -28.914240183   27.372564343
  219.198715982   -9.906024229   10.469676084
  220.255357991   -2.957966343    3.448084635
  221.312000000   -0.522105101    0.654613179
