#! FIELDS es.morethan file.free der_es.morethan
#! SET min_es.morethan -10.0926
#! SET max_es.morethan 221.312
#! SET nbins_es.morethan  220
#! SET periodic_es.morethan false
  -10.092600000   -1.246604551   -1.558113936
   -9.035957991   -4.481840326   -5.100596476
   -7.979315982  -14.081493471  -14.422768379
   -6.922673973  -39.145823733  -35.634653545
   -5.866031963  -96.544404143  -76.965129212
   -4.809389954 -211.360276589 -144.798459672
   -3.752747945 -411.111671339 -236.040236141
   -2.696105936 -711.813345191 -331.129960418
   -1.639463927 -1100.152532741 -395.421856227
   -0.582821918 -1524.216330838 -394.302829664
    0.473820091 -1906.025773172 -316.567673446
    1.530462100 -2174.967021644 -187.736737652
    2.587104110 -2302.835686074  -58.694683849
    3.643746119 -2315.607886519   24.665147529
    4.700388128 -2272.317758187   48.221877108
    5.757030137 -2228.077717423   31.573463712
    6.813672146 -2208.252223289    7.087571913
    7.870314155 -2208.132298337   -3.801993008
    8.926956164 -2210.836879061    0.609280806
    9.983598174 -2205.199751398    9.982131186
   11.040240183 -2191.497095260   14.892980177
   12.096882192 -2175.987211687   13.801841973
   13.153524201 -2162.580085318   10.714351720
   14.210166210 -2151.227279850   11.037778474
   15.266808219 -2137.830145467   14.417505647
   16.323450228 -2120.570283223   17.850256607
   17.380092237 -2100.838601621   19.021841092
   18.436734247 -2080.932352901   18.244721538
   19.493376256 -2061.785416201   17.868472130
   20.550018265 -2042.186183888   19.280741543
   21.606660274 -2020.553788859   21.414883374
   22.663302283 -1996.960883317   22.701447097
   23.719944292 -1972.776283668   22.647504691
   24.776586301 -1949.045665875   22.131093840
   25.833228311 -1925.608026443   22.000733154
   26.889870320 -1902.057564765   22.431148604
   27.946512329 -1878.131291465   22.475856778
   29.003154338 -1854.427656307   22.011110187
   30.059796347 -1831.322217203   21.640101118
   31.116438356 -1808.164854459   22.072739206
   32.173080365 -1784.131102119   23.165641959
   33.229722374 -1759.001863532   24.024772658
   34.286364384 -1733.492642210   23.898679096
   35.343006393 -1708.610416465   22.743416251
   36.399648402 -1685.311113064   21.054600312
   37.456290411 -1664.141119160   18.786840485
   38.512932420 -1645.587778126   15.903859020
   39.569574429 -1630.087842700   13.413184243
   40.626216438 -1616.548499449   12.277778119
   41.682858447 -1603.291255567   12.886116972
   42.739500457 -1588.869400214   14.266762779
   43.796142466 -1573.322775618   14.620919339
   44.852784475 -1558.106677758   13.860959613
   45.909426484 -1543.864308441   13.043435177
   46.966068493 -1529.852030371   13.561560842
   48.022710502 -1514.666187855   14.964469688
   49.079352511 -1498.355681814   15.402143657
   50.135994521 -1482.851431472   13.363821250
   51.192636530 -1470.606219812    9.466877015
   52.249278539 -1462.351552696    6.218841952
   53.305920548 -1456.343686849    5.565825281
   54.362562557 -1449.577407917    7.206094361
   55.419204566 -1440.665724395    9.446395183
   56.475846575 -1429.986302398   10.234370550
   57.532488584 -1419.449692087    9.337759988
   58.589130594 -1410.405602092    7.506115458
   59.645772603 -1403.251114479    5.879944137
   60.702414612 -1397.558059359    4.789338960
   61.759056621 -1392.820044897    4.062624958
   62.815698630 -1388.764131026    3.486036209
   63.872340639 -1385.221330189    3.134895694
   64.928982648 -1381.965492793    2.990342971
   65.985624658 -1378.709791859    2.841830491
   67.042266667 -1375.630735700    2.839315434
   68.098908676 -1372.434492696    3.178611340
   69.155550685 -1368.413875387    4.402864087
   70.212192694 -1362.720204709    6.227461657
   71.268834703 -1355.375208987    7.313389581
   72.325476712 -1347.798513677    6.479572103
   73.382118721 -1342.029817996    4.138250903
   74.438760731 -1338.683334995    2.295705062
   75.495402740 -1336.107587801    2.885593369
   76.552044749 -1331.521373563    5.980798529
   77.608686758 -1323.200387124    9.433435440
   78.665328767 -1312.112518198   10.942161531
   79.721970776 -1300.908505463    9.667300490
   80.778612785 -1292.050415207    6.927625863
   81.835254795 -1286.005427839    4.553517293
   82.891896804 -1281.629070023    3.845682889
   83.948538813 -1277.204182226    4.513045529
   85.005180822 -1271.829109734    5.420818794
   86.061822831 -1265.857834874    5.621058613
   87.118464840 -1260.065183473    5.074259450
   88.175106849 -1254.918626232    4.574838959
   89.231748858 -1249.913886622    4.845241310
   90.288390868 -1244.137980027    6.093427102
   91.345032877 -1236.953008609    7.256099409
   92.401674886 -1229.003822965    7.407343763
   93.458316895 -1221.534033914    6.430911799
   94.514958904 -1215.320528269    5.311263564
   95.571600913 -1209.864820043    5.005006820
   96.628242922 -1204.358144094    5.382748079
   97.684884932 -1198.614786543    5.053015516
   98.741526941 -1193.991813279    3.310157756
   99.798168950 -1191.766802727    0.800278348
  100.854810959 -1191.887275150   -0.891411045
  101.911452968 -1192.891741059   -0.840116213
  102.968094977 -1193.167651757    0.217223955
  104.024736986 -1192.517087448    0.625974749
  105.081378995 -1192.112444377   -0.091278289
  106.138021005 -1192.783271959   -1.216753507
  107.194663014 -1194.235123460   -1.474234715
  108.251305023 -1195.275042066   -0.523515179
  109.307947032 -1194.990152834    0.935205055
  110.364589041 -1193.243408551    2.084045609
  111.421231050 -1190.504252482    2.977764342
  112.477873059 -1186.874835120    3.850603560
  113.534515068 -1182.372544012    4.450253518
  114.591157078 -1177.630130930    4.162528740
  115.647799087 -1174.013652036    2.259552891
  116.704441096 -1173.133188888   -0.771066666
  117.761083105 -1175.527990080   -3.741954784
  118.817725114 -1180.444787741   -5.505621262
  119.874367123 -1186.404556554   -5.559954439
  120.931009132 -1191.633143458   -4.279087782
  121.987651142 -1194.869811996   -1.781347873
  123.044293151 -1195.009093247    1.412924431
  124.100935160 -1191.847336285    4.308294617
  125.157577169 -1186.672014949    4.846109942
  126.214219178 -1182.695520537    1.894055393
  127.270861187 -1183.314813019   -3.380852868
  128.327503196 -1189.471420516   -7.896989363
  129.384145205 -1198.592614978   -8.725152743
  130.440787215 -1206.474190157   -5.918817230
  131.497429224 -1210.745753227   -2.614716270
  132.554071233 -1212.955960184   -2.422361433
  133.610713242 -1217.066727169   -5.991982520
  134.667355251 -1225.869938579  -10.604617720
  135.723997260 -1238.454505191  -12.882845095
  136.780639269 -1251.514910124  -11.333940057
  137.837281279 -1261.486155782   -7.565411111
  138.893923288 -1267.412227598   -4.013595406
  139.950565297 -1270.565443724   -2.393718335
  141.007207306 -1273.164208767   -2.888097833
  142.063849315 -1276.990320789   -4.726700175
  143.120491324 -1282.965431215   -6.739707310
  144.177133333 -1290.848525176   -8.109217486
  145.233775342 -1299.621906966   -8.320809561
  146.290417352 -1308.041944918   -7.594966535
  147.347059361 -1315.500255028   -6.741693616
  148.403701370 -1322.429949733   -6.604663483
  149.460343379 -1329.647853161   -7.261105901
  150.516985388 -1337.608320815   -7.965738936
  151.573627397 -1346.153246687   -8.310229534
  152.630269406 -1355.068577062   -8.702778386
  153.686911416 -1364.457601398   -9.266997277
  154.743553425 -1374.246045877   -9.225926823
  155.800195434 -1383.398859202   -8.024804385
  156.856837443 -1390.952035472   -6.453953930
  157.913479452 -1397.475394047   -6.405124290
  158.970121461 -1405.148191444   -8.674113903
  160.026763470 -1415.878296827  -11.680840001
  161.083405479 -1429.157448755  -13.239426218
  162.140047489 -1442.910883836  -12.611570157
  163.196689498 -1455.402476577  -11.268970424
  164.253331507 -1466.861824513  -10.752127074
  165.309973516 -1478.246165845  -10.863913938
  166.366615525 -1489.426637336  -10.181854041
  167.423257534 -1499.056643375   -7.897261031
  168.479899543 -1505.737938696   -4.960978237
  169.536541553 -1509.748941985   -3.071208065
  170.593183562 -1512.965365939   -3.658715248
  171.649825571 -1518.200716326   -6.589450046
  172.706467580 -1527.257675349  -10.722283693
  173.763109589 -1540.525589148  -14.478561229
  174.819751598 -1557.033631682  -16.652971065
  175.876393607 -1575.053432840  -17.352574792
  176.933035616 -1593.368395349  -17.448026062
  177.989677626 -1611.773886865  -17.582687901
  179.046319635 -1630.524214688  -18.101393044
  180.102961644 -1650.016037495  -18.980327654
  181.159603653 -1670.472142628  -19.797761219
  182.216245662 -1691.535602563  -20.127805371
  183.272887671 -1712.401893601  -19.346624175
  184.329529680 -1731.904104237  -17.655590204
  185.386171689 -1749.611577943  -16.129177003
  186.442813699 -1766.353564076  -16.053893478
  187.499455708 -1783.873970429  -17.463288161
  188.556097717 -1803.128261819  -19.009345795
  189.612739726 -1823.306057902  -18.996945657
  190.669381735 -1842.520380052  -17.193398366
  191.726023744 -1859.504484759  -15.319957822
  192.782665753 -1875.260958278  -14.973605423
  193.839307763 -1891.479674087  -16.089199949
  194.895949772 -1908.897845149  -16.812188984
  195.952591781 -1926.413905705  -16.368717887
  197.009233790 -1943.616999238  -16.668532650
  198.065875799 -1962.784750180  -20.446185790
  199.122517808 -1987.568040062  -26.831296810
  200.179159817 -2018.201830286  -30.325189577
  201.235801826 -2048.571427606  -26.037760035
  202.292443836 -2071.356488859  -17.569881862
  203.349085845 -2088.210345031  -16.950991020
  204.405727854 -2112.984100145  -32.841830216
  205.462369863 -2159.881360756  -55.191792584
  206.519011872 -2221.253903579  -54.527250676
  207.575653881 -2255.819080908   -0.834100613
  208.632295890 -2202.259909085  109.725713139
  209.688937900 -2014.647431843  244.889231390
  210.745579909 -1694.066073291  352.970035153
  211.802221918 -1292.590214277  393.927576539
  212.858863927 -887.691895873  361.337595231
  213.915505936 -545.939827267  280.055115854
  214.972147945 -299.701999594  186.161723254
  216.028789954 -146.597680724  107.170481128
  217.085431963  -63.800036686   53.727818110
  218.142073973  -24.671698029   23.537529786
  219.198715982   -8.370932976    8.903560055
  220.255357991   -2.466731033    2.889808211
  221.312000000   -0.400559831    0.503267381
