#! FIELDS es.morethan file.free der_es.morethan
#! SET min_es.morethan -10.0926
#! SET max_es.morethan 221.312
#! SET nbins_es.morethan  220
#! SET periodic_es.morethan false
  -10.092600000   -1.029910763   -1.292818536
   -9.035957991   -3.738968541   -4.277714362
   -7.979315982  -11.829917490  -12.191138472
   -6.922673973  -33.112251976  -30.357685325
   -5.866031963  -82.248463392  -66.127059116
   -4.809389954 -181.408758833 -125.577988655
   -3.752747945 -355.622517473 -206.886390022
   -2.696105936 -620.892985842 -293.919256963
   -1.639463927 -968.356298876 -356.737535893
   -0.582821918 -1355.108071108 -364.117505904
    0.473820091 -1713.730193811 -304.051300954
    1.530462100 -1980.678962800 -196.429038256
    2.587104110 -2127.398900847  -84.397244160
    3.643746119 -2172.153392252   -8.348602903
    4.700388128 -2162.997580901   18.103602340
    5.757030137 -2145.999729309   10.750038821
    6.813672146 -2142.519976497   -3.206232994
    7.870314155 -2148.712377553   -6.049554139
    8.926956164 -2151.190385508    2.675365921
    9.983598174 -2142.508647128   13.269601978
   11.040240183 -2125.505867789   17.675752003
   12.096882192 -2107.593005074   15.551229490
   13.153524201 -2092.884868638   11.644836695
   14.210166210 -2080.895206478   11.383443380
   15.266808219 -2067.291523386   14.499297336
   16.323450228 -2050.006857729   17.824887066
   17.380092237 -2030.343146118   18.915758405
   18.436734247 -2010.598286968   18.055802983
   19.493376256 -1991.675199824   17.665744338
   20.550018265 -1972.213480615   19.267512242
   21.606660274 -1950.371380059   21.880332844
   22.663302283 -1925.958595321   23.814258107
   23.719944292 -1900.309896041   24.248019239
   24.776586301 -1874.854039484   23.683455099
   25.833228311 -1850.148179793   22.735413627
   26.889870320 -1826.541088945   21.746968286
   27.946512329 -1804.153810920   20.298059025
   29.003154338 -1783.358391456   18.790905041
   30.059796347 -1763.914025364   18.055890888
   31.116438356 -1744.535203820   18.554907162
   32.173080365 -1724.142046480   19.791476596
   33.229722374 -1702.553450868   20.694474009
   34.286364384 -1680.527470357   20.691160809
   35.343006393 -1658.804115198   20.059271911
   36.399648402 -1637.823946793   19.447731123
   37.456290411 -1617.612260694   18.606455394
   38.512932420 -1598.527193532   17.036902030
   39.569574429 -1581.388540037   15.273709718
   40.626216438 -1565.857932772   14.074038769
   41.682858447 -1551.019583570   14.013500575
   42.739500457 -1535.873917746   14.511099549
   43.796142466 -1520.506094672   14.068712683
   44.852784475 -1506.231774106   12.649435093
   45.909426484 -1493.604999323   11.197627961
   46.966068493 -1481.899278789   11.046782226
   48.022710502 -1469.694489344   11.870520192
   49.079352511 -1456.832727679   12.043158704
   50.135994521 -1444.817919865   10.203245544
   51.192636530 -1435.574173257    7.044336805
   52.249278539 -1429.256118306    5.063117064
   53.305920548 -1423.615755818    6.086836611
   54.362562557 -1415.375387047    9.445185682
   55.419204566 -1403.405761438   12.847396951
   56.475846575 -1388.975812396   13.737641514
   57.532488584 -1375.184623238   11.856247161
   58.589130594 -1364.233536752    8.596001896
   59.645772603 -1356.469135369    6.143877480
   60.702414612 -1350.298398488    5.730730175
   61.759056621 -1343.403294603    7.497112044
   62.815698630 -1333.800126369   10.661527591
   63.872340639 -1320.654184282   13.993274845
   64.928982648 -1304.635236434   15.903030263
   65.985624658 -1287.797683275   15.160627759
   67.042266667 -1273.173803733   12.020597171
   68.098908676 -1262.588258239    7.901090554
   69.155550685 -1255.860167882    4.986711376
   70.212192694 -1251.096967750    4.205405863
   71.268834703 -1246.418123274    4.600310145
   72.325476712 -1241.354308217    4.634141394
   73.382118721 -1236.702812874    3.926533607
   74.438760731 -1232.750069220    3.571689072
   75.495402740 -1228.399017368    4.789071024
   76.552044749 -1221.970386005    7.380982947
   77.608686758 -1212.843948482    9.450796599
   78.665328767 -1202.628832151    9.321141371
   79.721970776 -1193.902807698    6.733174742
   80.778612785 -1188.610834334    3.196541612
   81.835254795 -1186.771231405    0.343550131
   82.891896804 -1187.113381070   -0.867328288
   83.948538813 -1188.002428907   -0.816049842
   85.005180822 -1188.493859811   -0.262728680
   86.061822831 -1188.453666555    0.196575341
   87.118464840 -1187.990337182    0.498837185
   88.175106849 -1187.189051588    0.881761885
   89.231748858 -1185.848530164    1.494098697
   90.288390868 -1183.762341548    2.390743783
   91.345032877 -1180.849641831    2.895526488
   92.401674886 -1177.766792163    2.636384469
   93.458316895 -1175.319563159    1.774916967
   94.514958904 -1173.803306473    1.125430596
   95.571600913 -1172.494837797    1.342939413
   96.628242922 -1170.607047970    2.219937249
   97.684884932 -1167.911936290    2.496109453
   98.741526941 -1165.534659355    1.704786821
   99.798168950 -1164.320160218    0.559798035
  100.854810959 -1163.842125639    0.496683548
  101.911452968 -1162.586015365    2.012729961
  102.968094977 -1159.414868041    3.707841439
  104.024736986 -1155.295843148    3.484810986
  105.081378995 -1152.779460393    0.873949074
  106.138021005 -1153.725962821   -2.716966099
  107.194663014 -1157.925490733   -5.020104119
  108.251305023 -1163.324626322   -5.021528994
  109.307947032 -1167.784021321   -3.383327961
  110.364589041 -1170.192073384   -1.398482765
  111.421231050 -1170.603180304    0.492275635
  112.477873059 -1169.117896341    2.266382359
  113.534515068 -1165.897853055    3.572038452
  114.591157078 -1161.823833386    3.720366135
  115.647799087 -1158.599865110    1.891140959
  116.704441096 -1158.213066284   -1.367820737
  117.761083105 -1161.378130625   -4.555069029
  118.817725114 -1167.117709092   -6.156926750
  119.874367123 -1173.447648705   -5.528540667
  120.931009132 -1178.127918008   -3.255134796
  121.987651142 -1179.793122241    0.113381199
  123.044293151 -1177.672464290    3.720833997
  124.100935160 -1172.096043484    6.486926879
  125.157577169 -1164.860212048    6.521786014
  126.214219178 -1159.460999884    2.897207687
  127.270861187 -1159.388664790   -3.075281408
  128.327503196 -1165.564129075   -8.219497029
  129.384145205 -1175.274111947   -9.456563664
  130.440787215 -1183.954103567   -6.603267579
  131.497429224 -1188.625160190   -2.557769902
  132.554071233 -1190.048552274   -0.877240410
  133.610713242 -1191.506827188   -2.474372181
  134.667355251 -1195.543667403   -5.162406756
  135.723997260 -1201.631318207   -6.170172672
  136.780639269 -1207.411381276   -4.480684978
  137.837281279 -1210.641211648   -1.873282221
  138.893923288 -1211.688875027   -0.633540689
  139.950565297 -1212.821428814   -2.002810677
  141.007207306 -1216.612923746   -5.468594772
  142.063849315 -1224.428269318   -9.523750947
  143.120491324 -1236.116511024  -12.530825284
  144.177133333 -1250.095464328  -13.684877691
  145.233775342 -1264.290428621  -12.943015460
  146.290417352 -1277.029274809  -11.180294789
  147.347059361 -1287.862666050   -9.609574132
  148.403701370 -1297.572834566   -9.008899418
  149.460343379 -1307.051512803   -9.065735042
  150.516985388 -1316.414143834   -8.732596550
  151.573627397 -1325.051804173   -7.663889513
  152.630269406 -1332.563175333   -6.754065559
  153.686911416 -1339.476294162   -6.674207968
  154.743553425 -1346.608558517   -6.929068727
  155.800195434 -1353.877952500   -6.860263378
  156.856837443 -1360.963486157   -6.730211356
  157.913479452 -1368.413007782   -7.771318735
  158.970121461 -1377.739868266  -10.258666329
  160.026763470 -1389.827661122  -12.523906716
  161.083405479 -1403.335272307  -12.791686868
  162.140047489 -1416.003401741  -11.113651100
  163.196689498 -1426.757087134   -9.676196159
  164.253331507 -1437.013000326  -10.248091759
  165.309973516 -1448.814841630  -12.228452403
  166.366615525 -1462.465648786  -13.424426505
  167.423257534 -1476.239615147  -12.346581858
  168.479899543 -1487.831112444   -9.633851663
  169.536541553 -1496.498166678   -7.081235580
  170.593183562 -1503.335021796   -6.444501926
  171.649825571 -1510.780816083   -7.990608055
  172.706467580 -1520.668519669  -10.953500203
  173.763109589 -1533.748519631  -13.970997569
  174.819751598 -1549.519078929  -15.815526388
  175.876393607 -1566.545974013  -16.295682835
  176.933035616 -1583.507161987  -15.842674474
  177.989677626 -1599.672008926  -14.841741813
  179.046319635 -1614.692839954  -13.746624149
  180.102961644 -1628.743514839  -13.108567054
  181.159603653 -1642.521427865  -13.211957555
  182.216245662 -1656.763837568  -13.998183236
  183.272887671 -1671.831242397  -14.606876822
  184.329529680 -1687.198931786  -14.544797513
  185.386171689 -1702.305082696  -14.207925559
  186.442813699 -1717.343318003  -14.651183468
  187.499455708 -1733.463977927  -16.180356626
  188.556097717 -1751.451191413  -17.943923921
  189.612739726 -1770.788326235  -18.544572632
  190.669381735 -1790.010045681  -17.694515149
  191.726023744 -1808.040251756  -16.767448305
  192.782665753 -1825.668023533  -16.982418098
  193.839307763 -1844.061671738  -18.110128066
  194.895949772 -1863.437074406  -18.438644870
  195.952591781 -1882.424945305  -17.528529515
  197.009233790 -1900.669586053  -17.496972968
  198.065875799 -1920.581849396  -21.011188155
  199.122517808 -1945.768539697  -26.992770371
  200.179159817 -1976.283259283  -29.922192911
  201.235801826 -2006.017716510  -25.324862929
  202.292443836 -2028.239491686  -17.399022907
  203.349085845 -2045.706544152  -18.446171994
  204.405727854 -2073.307679631  -36.748281107
  205.462369863 -2125.576472945  -61.329412922
  206.519011872 -2194.180682317  -61.848199085
  207.575653881 -2236.494823151   -7.954624843
  208.632295890 -2189.853062655  103.889734466
  209.688937900 -2007.509430957  240.789862844
  210.745579909 -1690.389944570  350.469394784
  211.802221918 -1290.898508987  392.595315472
  212.858863927 -886.996795404  360.714708095
  213.915505936 -545.687032342  279.801460075
  214.972147945 -299.622176088  186.073363011
  216.028789954 -146.578852445  107.148055493
  217.085431963  -63.798019453   53.725249706
  218.142073973  -24.671698029   23.537529786
  219.198715982   -8.370932976    8.903560055
  220.255357991   -2.466731033    2.889808211
  221.312000000   -0.400559831    0.503267381
