,T,M,E,E2,X,J,B,M2,M4
0,0,0.00439453125,0.0,0.0,64,0.0,-0.0,1.9311904907226562e-05,3.729496711457614e-10
1,10,-0.03466796875,0.0,0.0,64,0.0,-0.0,0.0012018680572509766,1.4444868270402367e-06
2,20,-0.00341796875,0.0,0.0,64,0.0,-0.0,1.1682510375976562e-05,1.3648104868480004e-10
3,30,-0.00830078125,0.0,0.0,64,0.0,-0.0,6.890296936035156e-05,4.747619186673546e-09
4,40,-0.00048828125,0.0,0.0,64,0.0,-0.0,2.384185791015625e-07,5.684341886080802e-14
5,50,0.00830078125,0.0,0.0,64,0.0,-0.0,6.890296936035156e-05,4.747619186673546e-09
6,60,-0.01806640625,0.0,0.0,64,0.0,-0.0,0.00032639503479003906,1.0653371873559081e-07
7,70,0.01025390625,0.0,0.0,64,0.0,-0.0,0.00010514259338378906,1.1054964943468804e-08
8,80,0.01025390625,0.0,0.0,64,0.0,-0.0,0.00010514259338378906,1.1054964943468804e-08
9,90,-0.01318359375,0.0,0.0,64,0.0,-0.0,0.00017380714416503906,3.020892336280667e-08
10,100,0.00048828125,0.0,0.0,64,0.0,-0.0,2.384185791015625e-07,5.684341886080802e-14
11,110,0.00830078125,0.0,0.0,64,0.0,-0.0,6.890296936035156e-05,4.747619186673546e-09
12,120,-0.02001953125,0.0,0.0,64,0.0,-0.0,0.00040078163146972656,1.6062591612353572e-07
13,130,0.01708984375,0.0,0.0,64,0.0,-0.0,0.00029206275939941406,8.530065542800003e-08
14,140,-0.01513671875,0.0,0.0,64,0.0,-0.0,0.00022912025451660156,5.249609102975228e-08
15,150,0.01806640625,0.0,0.0,64,0.0,-0.0,0.00032639503479003906,1.0653371873559081e-07
16,160,-0.01025390625,0.0,0.0,64,0.0,-0.0,0.00010514259338378906,1.1054964943468804e-08
17,170,-0.00439453125,0.0,0.0,64,0.0,-0.0,1.9311904907226562e-05,3.729496711457614e-10
18,180,0.00537109375,0.0,0.0,64,0.0,-0.0,2.8848648071289062e-05,8.322444955410901e-10
19,190,-0.00146484375,0.0,0.0,64,0.0,-0.0,2.1457672119140625e-06,4.604316927725449e-12
20,200,-0.00341796875,0.0,0.0,64,0.0,-0.0,1.1682510375976562e-05,1.3648104868480004e-10
21,210,-0.00732421875,0.0,0.0,64,0.0,-0.0,5.364418029785156e-05,2.8776980798284058e-09
22,220,0.02197265625,0.0,0.0,64,0.0,-0.0,0.00048279762268066406,2.3309354446610087e-07
23,230,-0.00341796875,0.0,0.0,64,0.0,-0.0,1.1682510375976562e-05,1.3648104868480004e-10
24,240,0.02880859375,0.0,0.0,64,0.0,-0.0,0.0008299350738525391,6.887922268106195e-07
25,250,0.00048828125,0.0,0.0,64,0.0,-0.0,2.384185791015625e-07,5.684341886080802e-14
26,260,0.02197265625,0.0,0.0,64,0.0,-0.0,0.00048279762268066406,2.3309354446610087e-07
27,270,0.00244140625,0.0,0.0,64,0.0,-0.0,5.9604644775390625e-06,3.552713678800501e-11
28,280,-0.01220703125,0.0,0.0,64,0.0,-0.0,0.00014901161193847656,2.220446049250313e-08
29,290,0.00244140625,0.0,0.0,64,0.0,-0.0,5.9604644775390625e-06,3.552713678800501e-11
30,300,0.02880859375,0.0,0.0,64,0.0,-0.0,0.0008299350738525391,6.887922268106195e-07
31,310,0.02685546875,0.0,0.0,64,0.0,-0.0,0.0007212162017822266,5.201528097131813e-07
32,320,-0.00341796875,0.0,0.0,64,0.0,-0.0,1.1682510375976562e-05,1.3648104868480004e-10
33,330,-0.03173828125,0.0,0.0,64,0.0,-0.0,0.0010073184967041016,1.014690553802211e-06
34,340,-0.00537109375,0.0,0.0,64,0.0,-0.0,2.8848648071289062e-05,8.322444955410901e-10
35,350,-0.00244140625,0.0,0.0,64,0.0,-0.0,5.9604644775390625e-06,3.552713678800501e-11
36,360,-0.01220703125,0.0,0.0,64,0.0,-0.0,0.00014901161193847656,2.220446049250313e-08
37,370,-0.00634765625,0.0,0.0,64,0.0,-0.0,4.029273986816406e-05,1.6235048860835377e-09
38,380,-0.02197265625,0.0,0.0,64,0.0,-0.0,0.00048279762268066406,2.3309354446610087e-07
39,390,0.01123046875,0.0,0.0,64,0.0,-0.0,0.00012612342834472656,1.5907119177427376e-08
40,400,0.00732421875,0.0,0.0,64,0.0,-0.0,5.364418029785156e-05,2.8776980798284058e-09
41,410,0.02392578125,0.0,0.0,64,0.0,-0.0,0.0005724430084228516,3.276909978922049e-07
42,420,-0.02490234375,0.0,0.0,64,0.0,-0.0,0.0006201267242431641,3.8455715412055724e-07
43,430,0.00634765625,0.0,0.0,64,0.0,-0.0,4.029273986816406e-05,1.6235048860835377e-09
44,440,0.00537109375,0.0,0.0,64,0.0,-0.0,2.8848648071289062e-05,8.322444955410901e-10
45,450,0.01708984375,0.0,0.0,64,0.0,-0.0,0.00029206275939941406,8.530065542800003e-08
46,460,0.01318359375,0.0,0.0,64,0.0,-0.0,0.00017380714416503906,3.020892336280667e-08
47,470,0.02685546875,0.0,0.0,64,0.0,-0.0,0.0007212162017822266,5.201528097131813e-07
48,480,-0.00048828125,0.0,0.0,64,0.0,-0.0,2.384185791015625e-07,5.684341886080802e-14
49,490,0.02099609375,0.0,0.0,64,0.0,-0.0,0.00044083595275878906,1.943363372447493e-07
50,500,0.01904296875,0.0,0.0,64,0.0,-0.0,0.00036263465881347656,1.3150389577276655e-07
51,510,0.00244140625,0.0,0.0,64,0.0,-0.0,5.9604644775390625e-06,3.552713678800501e-11
52,520,-0.00927734375,0.0,0.0,64,0.0,-0.0,8.606910705566406e-05,7.407891189359361e-09
53,530,-0.00732421875,0.0,0.0,64,0.0,-0.0,5.364418029785156e-05,2.8776980798284058e-09
54,540,0.00634765625,0.0,0.0,64,0.0,-0.0,4.029273986816406e-05,1.6235048860835377e-09
55,550,-0.01220703125,0.0,0.0,64,0.0,-0.0,0.00014901161193847656,2.220446049250313e-08
56,560,0.01416015625,0.0,0.0,64,0.0,-0.0,0.00020051002502441406,4.0204270135291154e-08
57,570,0.02783203125,0.0,0.0,64,0.0,-0.0,0.0007746219635009766,6.000391863381083e-07
58,580,-0.03076171875,0.0,0.0,64,0.0,-0.0,0.0009462833404541016,8.954521604209731e-07
59,590,-0.00927734375,0.0,0.0,64,0.0,-0.0,8.606910705566406e-05,7.407891189359361e-09
60,600,-0.01416015625,0.0,0.0,64,0.0,-0.0,0.00020051002502441406,4.0204270135291154e-08
61,610,-0.00830078125,0.0,0.0,64,0.0,-0.0,6.890296936035156e-05,4.747619186673546e-09
62,620,0.02099609375,0.0,0.0,64,0.0,-0.0,0.00044083595275878906,1.943363372447493e-07
63,630,-0.01025390625,0.0,0.0,64,0.0,-0.0,0.00010514259338378906,1.1054964943468804e-08
64,640,-0.00341796875,0.0,0.0,64,0.0,-0.0,1.1682510375976562e-05,1.3648104868480004e-10
65,650,0.01416015625,0.0,0.0,64,0.0,-0.0,0.00020051002502441406,4.0204270135291154e-08
66,660,-0.01806640625,0.0,0.0,64,0.0,-0.0,0.00032639503479003906,1.0653371873559081e-07
67,670,-0.01318359375,0.0,0.0,64,0.0,-0.0,0.00017380714416503906,3.020892336280667e-08
68,680,0.03173828125,0.0,0.0,64,0.0,-0.0,0.0010073184967041016,1.014690553802211e-06
69,690,0.00634765625,0.0,0.0,64,0.0,-0.0,4.029273986816406e-05,1.6235048860835377e-09
70,700,-0.01416015625,0.0,0.0,64,0.0,-0.0,0.00020051002502441406,4.0204270135291154e-08
71,710,-0.02294921875,0.0,0.0,64,0.0,-0.0,0.0005266666412353516,2.773777509901265e-07
72,720,-0.01708984375,0.0,0.0,64,0.0,-0.0,0.00029206275939941406,8.530065542800003e-08
73,730,0.00537109375,0.0,0.0,64,0.0,-0.0,2.8848648071289062e-05,8.322444955410901e-10
74,740,0.00048828125,0.0,0.0,64,0.0,-0.0,2.384185791015625e-07,5.684341886080802e-14
75,750,-0.00341796875,0.0,0.0,64,0.0,-0.0,1.1682510375976562e-05,1.3648104868480004e-10
76,760,0.02001953125,0.0,0.0,64,0.0,-0.0,0.00040078163146972656,1.6062591612353572e-07
77,770,-0.00634765625,0.0,0.0,64,0.0,-0.0,4.029273986816406e-05,1.6235048860835377e-09
78,780,0.00048828125,0.0,0.0,64,0.0,-0.0,2.384185791015625e-07,5.684341886080802e-14
79,790,0.02783203125,0.0,0.0,64,0.0,-0.0,0.0007746219635009766,6.000391863381083e-07
80,800,-0.00537109375,0.0,0.0,64,0.0,-0.0,2.8848648071289062e-05,8.322444955410901e-10
81,810,0.01220703125,0.0,0.0,64,0.0,-0.0,0.00014901161193847656,2.220446049250313e-08
82,820,-0.00146484375,0.0,0.0,64,0.0,-0.0,2.1457672119140625e-06,4.604316927725449e-12
83,830,0.01025390625,0.0,0.0,64,0.0,-0.0,0.00010514259338378906,1.1054964943468804e-08
84,840,0.01416015625,0.0,0.0,64,0.0,-0.0,0.00020051002502441406,4.0204270135291154e-08
85,850,0.00146484375,0.0,0.0,64,0.0,-0.0,2.1457672119140625e-06,4.604316927725449e-12
86,860,-0.02880859375,0.0,0.0,64,0.0,-0.0,0.0008299350738525391,6.887922268106195e-07
87,870,0.01416015625,0.0,0.0,64,0.0,-0.0,0.00020051002502441406,4.0204270135291154e-08
88,880,0.00244140625,0.0,0.0,64,0.0,-0.0,5.9604644775390625e-06,3.552713678800501e-11
89,890,-0.00732421875,0.0,0.0,64,0.0,-0.0,5.364418029785156e-05,2.8776980798284058e-09
90,900,-0.00927734375,0.0,0.0,64,0.0,-0.0,8.606910705566406e-05,7.407891189359361e-09
91,910,0.00830078125,0.0,0.0,64,0.0,-0.0,6.890296936035156e-05,4.747619186673546e-09
92,920,0.00732421875,0.0,0.0,64,0.0,-0.0,5.364418029785156e-05,2.8776980798284058e-09
93,930,-0.00048828125,0.0,0.0,64,0.0,-0.0,2.384185791015625e-07,5.684341886080802e-14
94,940,-0.00439453125,0.0,0.0,64,0.0,-0.0,1.9311904907226562e-05,3.729496711457614e-10
95,950,-0.00634765625,0.0,0.0,64,0.0,-0.0,4.029273986816406e-05,1.6235048860835377e-09
96,960,0.02294921875,0.0,0.0,64,0.0,-0.0,0.0005266666412353516,2.773777509901265e-07
97,970,-0.01025390625,0.0,0.0,64,0.0,-0.0,0.00010514259338378906,1.1054964943468804e-08
98,980,-0.00439453125,0.0,0.0,64,0.0,-0.0,1.9311904907226562e-05,3.729496711457614e-10
99,990,-0.01416015625,0.0,0.0,64,0.0,-0.0,0.00020051002502441406,4.0204270135291154e-08
100,1000,-0.00537109375,0.0,0.0,64,0.0,-0.0,2.8848648071289062e-05,8.322444955410901e-10
101,1010,-0.01123046875,0.0,0.0,64,0.0,-0.0,0.00012612342834472656,1.5907119177427376e-08
102,1020,0.01318359375,0.0,0.0,64,0.0,-0.0,0.00017380714416503906,3.020892336280667e-08
103,1030,-0.00537109375,0.0,0.0,64,0.0,-0.0,2.8848648071289062e-05,8.322444955410901e-10
104,1040,-0.02001953125,0.0,0.0,64,0.0,-0.0,0.00040078163146972656,1.6062591612353572e-07
105,1050,-0.02490234375,0.0,0.0,64,0.0,-0.0,0.0006201267242431641,3.8455715412055724e-07
106,1060,0.00732421875,0.0,0.0,64,0.0,-0.0,5.364418029785156e-05,2.8776980798284058e-09
107,1070,0.00634765625,0.0,0.0,64,0.0,-0.0,4.029273986816406e-05,1.6235048860835377e-09
108,1080,-0.00244140625,0.0,0.0,64,0.0,-0.0,5.9604644775390625e-06,3.552713678800501e-11
109,1090,-0.00634765625,0.0,0.0,64,0.0,-0.0,4.029273986816406e-05,1.6235048860835377e-09
110,1100,0.00244140625,0.0,0.0,64,0.0,-0.0,5.9604644775390625e-06,3.552713678800501e-11
111,1110,-0.01513671875,0.0,0.0,64,0.0,-0.0,0.00022912025451660156,5.249609102975228e-08
112,1120,-0.01416015625,0.0,0.0,64,0.0,-0.0,0.00020051002502441406,4.0204270135291154e-08
113,1130,-0.01318359375,0.0,0.0,64,0.0,-0.0,0.00017380714416503906,3.020892336280667e-08
114,1140,0.01416015625,0.0,0.0,64,0.0,-0.0,0.00020051002502441406,4.0204270135291154e-08
115,1150,0.02197265625,0.0,0.0,64,0.0,-0.0,0.00048279762268066406,2.3309354446610087e-07
116,1160,0.02294921875,0.0,0.0,64,0.0,-0.0,0.0005266666412353516,2.773777509901265e-07
117,1170,-0.02490234375,0.0,0.0,64,0.0,-0.0,0.0006201267242431641,3.8455715412055724e-07
118,1180,0.00439453125,0.0,0.0,64,0.0,-0.0,1.9311904907226562e-05,3.729496711457614e-10
119,1190,-0.01416015625,0.0,0.0,64,0.0,-0.0,0.00020051002502441406,4.0204270135291154e-08
120,1200,-0.01611328125,0.0,0.0,64,0.0,-0.0,0.00025963783264160156,6.74118041388283e-08
121,1210,-0.00537109375,0.0,0.0,64,0.0,-0.0,2.8848648071289062e-05,8.322444955410901e-10
122,1220,0.00341796875,0.0,0.0,64,0.0,-0.0,1.1682510375976562e-05,1.3648104868480004e-10
123,1230,0.01025390625,0.0,0.0,64,0.0,-0.0,0.00010514259338378906,1.1054964943468804e-08
124,1240,-0.03564453125,0.0,0.0,64,0.0,-0.0,0.0012705326080322266,1.6142531080731715e-06
125,1250,-0.02099609375,0.0,0.0,64,0.0,-0.0,0.00044083595275878906,1.943363372447493e-07
126,1260,0.01806640625,0.0,0.0,64,0.0,-0.0,0.00032639503479003906,1.0653371873559081e-07
127,1270,-0.00732421875,0.0,0.0,64,0.0,-0.0,5.364418029785156e-05,2.8776980798284058e-09
128,1280,0.03662109375,0.0,0.0,64,0.0,-0.0,0.001341104507446289,1.7985612998927536e-06
129,1290,-0.00634765625,0.0,0.0,64,0.0,-0.0,4.029273986816406e-05,1.6235048860835377e-09
130,1300,-0.00341796875,0.0,0.0,64,0.0,-0.0,1.1682510375976562e-05,1.3648104868480004e-10
131,1310,0.00732421875,0.0,0.0,64,0.0,-0.0,5.364418029785156e-05,2.8776980798284058e-09
132,1320,-0.02001953125,0.0,0.0,64,0.0,-0.0,0.00040078163146972656,1.6062591612353572e-07
133,1330,-0.00146484375,0.0,0.0,64,0.0,-0.0,2.1457672119140625e-06,4.604316927725449e-12
134,1340,-0.02685546875,0.0,0.0,64,0.0,-0.0,0.0007212162017822266,5.201528097131813e-07
135,1350,0.01220703125,0.0,0.0,64,0.0,-0.0,0.00014901161193847656,2.220446049250313e-08
136,1360,-0.00439453125,0.0,0.0,64,0.0,-0.0,1.9311904907226562e-05,3.729496711457614e-10
137,1370,0.00146484375,0.0,0.0,64,0.0,-0.0,2.1457672119140625e-06,4.604316927725449e-12
138,1380,0.00830078125,0.0,0.0,64,0.0,-0.0,6.890296936035156e-05,4.747619186673546e-09
139,1390,-0.00146484375,0.0,0.0,64,0.0,-0.0,2.1457672119140625e-06,4.604316927725449e-12
140,1400,0.00244140625,0.0,0.0,64,0.0,-0.0,5.9604644775390625e-06,3.552713678800501e-11
141,1410,-0.00634765625,0.0,0.0,64,0.0,-0.0,4.029273986816406e-05,1.6235048860835377e-09
142,1420,0.02587890625,0.0,0.0,64,0.0,-0.0,0.0006697177886962891,4.485219164962473e-07
143,1430,0.02490234375,0.0,0.0,64,0.0,-0.0,0.0006201267242431641,3.8455715412055724e-07
144,1440,-0.02392578125,0.0,0.0,64,0.0,-0.0,0.0005724430084228516,3.276909978922049e-07
145,1450,-0.03076171875,0.0,0.0,64,0.0,-0.0,0.0009462833404541016,8.954521604209731e-07
146,1460,0.01708984375,0.0,0.0,64,0.0,-0.0,0.00029206275939941406,8.530065542800003e-08
147,1470,0.00537109375,0.0,0.0,64,0.0,-0.0,2.8848648071289062e-05,8.322444955410901e-10
148,1480,-0.01416015625,0.0,0.0,64,0.0,-0.0,0.00020051002502441406,4.0204270135291154e-08
149,1490,-0.01025390625,0.0,0.0,64,0.0,-0.0,0.00010514259338378906,1.1054964943468804e-08
150,1500,0.00146484375,0.0,0.0,64,0.0,-0.0,2.1457672119140625e-06,4.604316927725449e-12
151,1510,-0.01318359375,0.0,0.0,64,0.0,-0.0,0.00017380714416503906,3.020892336280667e-08
152,1520,0.00146484375,0.0,0.0,64,0.0,-0.0,2.1457672119140625e-06,4.604316927725449e-12
153,1530,-0.00244140625,0.0,0.0,64,0.0,-0.0,5.9604644775390625e-06,3.552713678800501e-11
154,1540,0.00341796875,0.0,0.0,64,0.0,-0.0,1.1682510375976562e-05,1.3648104868480004e-10
155,1550,0.01806640625,0.0,0.0,64,0.0,-0.0,0.00032639503479003906,1.0653371873559081e-07
156,1560,0.02490234375,0.0,0.0,64,0.0,-0.0,0.0006201267242431641,3.8455715412055724e-07
157,1570,-0.00439453125,0.0,0.0,64,0.0,-0.0,1.9311904907226562e-05,3.729496711457614e-10
158,1580,0.01220703125,0.0,0.0,64,0.0,-0.0,0.00014901161193847656,2.220446049250313e-08
159,1590,0.01220703125,0.0,0.0,64,0.0,-0.0,0.00014901161193847656,2.220446049250313e-08
160,1600,-0.01025390625,0.0,0.0,64,0.0,-0.0,0.00010514259338378906,1.1054964943468804e-08
161,1610,-0.00634765625,0.0,0.0,64,0.0,-0.0,4.029273986816406e-05,1.6235048860835377e-09
162,1620,0.00146484375,0.0,0.0,64,0.0,-0.0,2.1457672119140625e-06,4.604316927725449e-12
163,1630,0.01123046875,0.0,0.0,64,0.0,-0.0,0.00012612342834472656,1.5907119177427376e-08
164,1640,0.00634765625,0.0,0.0,64,0.0,-0.0,4.029273986816406e-05,1.6235048860835377e-09
165,1650,-0.01025390625,0.0,0.0,64,0.0,-0.0,0.00010514259338378906,1.1054964943468804e-08
166,1660,0.00830078125,0.0,0.0,64,0.0,-0.0,6.890296936035156e-05,4.747619186673546e-09
167,1670,-0.01806640625,0.0,0.0,64,0.0,-0.0,0.00032639503479003906,1.0653371873559081e-07
168,1680,-0.03076171875,0.0,0.0,64,0.0,-0.0,0.0009462833404541016,8.954521604209731e-07
169,1690,0.03076171875,0.0,0.0,64,0.0,-0.0,0.0009462833404541016,8.954521604209731e-07
170,1700,0.00732421875,0.0,0.0,64,0.0,-0.0,5.364418029785156e-05,2.8776980798284058e-09
171,1710,0.02587890625,0.0,0.0,64,0.0,-0.0,0.0006697177886962891,4.485219164962473e-07
172,1720,0.01220703125,0.0,0.0,64,0.0,-0.0,0.00014901161193847656,2.220446049250313e-08
173,1730,-0.02490234375,0.0,0.0,64,0.0,-0.0,0.0006201267242431641,3.8455715412055724e-07
174,1740,0.01708984375,0.0,0.0,64,0.0,-0.0,0.00029206275939941406,8.530065542800003e-08
175,1750,-0.00537109375,0.0,0.0,64,0.0,-0.0,2.8848648071289062e-05,8.322444955410901e-10
176,1760,0.01611328125,0.0,0.0,64,0.0,-0.0,0.00025963783264160156,6.74118041388283e-08
177,1770,-0.00634765625,0.0,0.0,64,0.0,-0.0,4.029273986816406e-05,1.6235048860835377e-09
178,1780,-0.00244140625,0.0,0.0,64,0.0,-0.0,5.9604644775390625e-06,3.552713678800501e-11
179,1790,0.01025390625,0.0,0.0,64,0.0,-0.0,0.00010514259338378906,1.1054964943468804e-08
180,1800,-0.00244140625,0.0,0.0,64,0.0,-0.0,5.9604644775390625e-06,3.552713678800501e-11
181,1810,-0.02197265625,0.0,0.0,64,0.0,-0.0,0.00048279762268066406,2.3309354446610087e-07
182,1820,-0.00048828125,0.0,0.0,64,0.0,-0.0,2.384185791015625e-07,5.684341886080802e-14
183,1830,-0.01318359375,0.0,0.0,64,0.0,-0.0,0.00017380714416503906,3.020892336280667e-08
184,1840,-0.02197265625,0.0,0.0,64,0.0,-0.0,0.00048279762268066406,2.3309354446610087e-07
185,1850,-0.00244140625,0.0,0.0,64,0.0,-0.0,5.9604644775390625e-06,3.552713678800501e-11
186,1860,0.00244140625,0.0,0.0,64,0.0,-0.0,5.9604644775390625e-06,3.552713678800501e-11
187,1870,0.01025390625,0.0,0.0,64,0.0,-0.0,0.00010514259338378906,1.1054964943468804e-08
188,1880,-0.00244140625,0.0,0.0,64,0.0,-0.0,5.9604644775390625e-06,3.552713678800501e-11
189,1890,0.00341796875,0.0,0.0,64,0.0,-0.0,1.1682510375976562e-05,1.3648104868480004e-10
190,1900,-0.00927734375,0.0,0.0,64,0.0,-0.0,8.606910705566406e-05,7.407891189359361e-09
191,1910,0.02294921875,0.0,0.0,64,0.0,-0.0,0.0005266666412353516,2.773777509901265e-07
192,1920,0.01513671875,0.0,0.0,64,0.0,-0.0,0.00022912025451660156,5.249609102975228e-08
193,1930,-0.02197265625,0.0,0.0,64,0.0,-0.0,0.00048279762268066406,2.3309354446610087e-07
194,1940,-0.00830078125,0.0,0.0,64,0.0,-0.0,6.890296936035156e-05,4.747619186673546e-09
195,1950,0.00048828125,0.0,0.0,64,0.0,-0.0,2.384185791015625e-07,5.684341886080802e-14
196,1960,-0.05126953125,0.0,0.0,64,0.0,-0.0,0.0026285648345947266,6.909353089668002e-06
197,1970,-0.00439453125,0.0,0.0,64,0.0,-0.0,1.9311904907226562e-05,3.729496711457614e-10
198,1980,-0.03662109375,0.0,0.0,64,0.0,-0.0,0.001341104507446289,1.7985612998927536e-06
199,1990,0.00927734375,0.0,0.0,64,0.0,-0.0,8.606910705566406e-05,7.407891189359361e-09
200,2000,-0.00341796875,0.0,0.0,64,0.0,-0.0,1.1682510375976562e-05,1.3648104868480004e-10
201,2010,0.01025390625,0.0,0.0,64,0.0,-0.0,0.00010514259338378906,1.1054964943468804e-08
202,2020,0.01318359375,0.0,0.0,64,0.0,-0.0,0.00017380714416503906,3.020892336280667e-08
203,2030,0.02490234375,0.0,0.0,64,0.0,-0.0,0.0006201267242431641,3.8455715412055724e-07
204,2040,-0.01513671875,0.0,0.0,64,0.0,-0.0,0.00022912025451660156,5.249609102975228e-08
205,2050,-0.00830078125,0.0,0.0,64,0.0,-0.0,6.890296936035156e-05,4.747619186673546e-09
206,2060,0.00146484375,0.0,0.0,64,0.0,-0.0,2.1457672119140625e-06,4.604316927725449e-12
207,2070,0.03076171875,0.0,0.0,64,0.0,-0.0,0.0009462833404541016,8.954521604209731e-07
208,2080,-0.02197265625,0.0,0.0,64,0.0,-0.0,0.00048279762268066406,2.3309354446610087e-07
209,2090,0.00244140625,0.0,0.0,64,0.0,-0.0,5.9604644775390625e-06,3.552713678800501e-11
210,2100,-0.00244140625,0.0,0.0,64,0.0,-0.0,5.9604644775390625e-06,3.552713678800501e-11
211,2110,-0.03564453125,0.0,0.0,64,0.0,-0.0,0.0012705326080322266,1.6142531080731715e-06
212,2120,0.02197265625,0.0,0.0,64,0.0,-0.0,0.00048279762268066406,2.3309354446610087e-07
213,2130,0.02490234375,0.0,0.0,64,0.0,-0.0,0.0006201267242431641,3.8455715412055724e-07
214,2140,0.01416015625,0.0,0.0,64,0.0,-0.0,0.00020051002502441406,4.0204270135291154e-08
215,2150,0.01904296875,0.0,0.0,64,0.0,-0.0,0.00036263465881347656,1.3150389577276655e-07
216,2160,0.00537109375,0.0,0.0,64,0.0,-0.0,2.8848648071289062e-05,8.322444955410901e-10
217,2170,0.01123046875,0.0,0.0,64,0.0,-0.0,0.00012612342834472656,1.5907119177427376e-08
218,2180,0.00537109375,0.0,0.0,64,0.0,-0.0,2.8848648071289062e-05,8.322444955410901e-10
219,2190,-0.00732421875,0.0,0.0,64,0.0,-0.0,5.364418029785156e-05,2.8776980798284058e-09
220,2200,0.00048828125,0.0,0.0,64,0.0,-0.0,2.384185791015625e-07,5.684341886080802e-14
221,2210,0.00244140625,0.0,0.0,64,0.0,-0.0,5.9604644775390625e-06,3.552713678800501e-11
222,2220,0.01611328125,0.0,0.0,64,0.0,-0.0,0.00025963783264160156,6.74118041388283e-08
223,2230,0.00634765625,0.0,0.0,64,0.0,-0.0,4.029273986816406e-05,1.6235048860835377e-09
224,2240,0.01904296875,0.0,0.0,64,0.0,-0.0,0.00036263465881347656,1.3150389577276655e-07
225,2250,0.02099609375,0.0,0.0,64,0.0,-0.0,0.00044083595275878906,1.943363372447493e-07
226,2260,-0.00634765625,0.0,0.0,64,0.0,-0.0,4.029273986816406e-05,1.6235048860835377e-09
227,2270,0.01025390625,0.0,0.0,64,0.0,-0.0,0.00010514259338378906,1.1054964943468804e-08
228,2280,0.00634765625,0.0,0.0,64,0.0,-0.0,4.029273986816406e-05,1.6235048860835377e-09
229,2290,-0.02099609375,0.0,0.0,64,0.0,-0.0,0.00044083595275878906,1.943363372447493e-07
230,2300,0.00048828125,0.0,0.0,64,0.0,-0.0,2.384185791015625e-07,5.684341886080802e-14
231,2310,0.03271484375,0.0,0.0,64,0.0,-0.0,0.001070261001586914,1.1454586115178245e-06
232,2320,0.01513671875,0.0,0.0,64,0.0,-0.0,0.00022912025451660156,5.249609102975228e-08
233,2330,0.02294921875,0.0,0.0,64,0.0,-0.0,0.0005266666412353516,2.773777509901265e-07
234,2340,-0.02783203125,0.0,0.0,64,0.0,-0.0,0.0007746219635009766,6.000391863381083e-07
235,2350,-0.02587890625,0.0,0.0,64,0.0,-0.0,0.0006697177886962891,4.485219164962473e-07
236,2360,-0.00244140625,0.0,0.0,64,0.0,-0.0,5.9604644775390625e-06,3.552713678800501e-11
237,2370,0.01025390625,0.0,0.0,64,0.0,-0.0,0.00010514259338378906,1.1054964943468804e-08
238,2380,-0.01318359375,0.0,0.0,64,0.0,-0.0,0.00017380714416503906,3.020892336280667e-08
239,2390,-0.01904296875,0.0,0.0,64,0.0,-0.0,0.00036263465881347656,1.3150389577276655e-07
240,2400,0.00830078125,0.0,0.0,64,0.0,-0.0,6.890296936035156e-05,4.747619186673546e-09
241,2410,-0.01025390625,0.0,0.0,64,0.0,-0.0,0.00010514259338378906,1.1054964943468804e-08
242,2420,-0.01904296875,0.0,0.0,64,0.0,-0.0,0.00036263465881347656,1.3150389577276655e-07
243,2430,-0.00146484375,0.0,0.0,64,0.0,-0.0,2.1457672119140625e-06,4.604316927725449e-12
244,2440,-0.01708984375,0.0,0.0,64,0.0,-0.0,0.00029206275939941406,8.530065542800003e-08
245,2450,-0.01513671875,0.0,0.0,64,0.0,-0.0,0.00022912025451660156,5.249609102975228e-08
246,2460,0.00830078125,0.0,0.0,64,0.0,-0.0,6.890296936035156e-05,4.747619186673546e-09
247,2470,0.00732421875,0.0,0.0,64,0.0,-0.0,5.364418029785156e-05,2.8776980798284058e-09
248,2480,0.01318359375,0.0,0.0,64,0.0,-0.0,0.00017380714416503906,3.020892336280667e-08
249,2490,-0.00634765625,0.0,0.0,64,0.0,-0.0,4.029273986816406e-05,1.6235048860835377e-09
250,2500,0.01806640625,0.0,0.0,64,0.0,-0.0,0.00032639503479003906,1.0653371873559081e-07
251,2510,0.02392578125,0.0,0.0,64,0.0,-0.0,0.0005724430084228516,3.276909978922049e-07
252,2520,-0.02197265625,0.0,0.0,64,0.0,-0.0,0.00048279762268066406,2.3309354446610087e-07
253,2530,0.01318359375,0.0,0.0,64,0.0,-0.0,0.00017380714416503906,3.020892336280667e-08
254,2540,0.02685546875,0.0,0.0,64,0.0,-0.0,0.0007212162017822266,5.201528097131813e-07
255,2550,-0.01220703125,0.0,0.0,64,0.0,-0.0,0.00014901161193847656,2.220446049250313e-08
256,2560,-0.02880859375,0.0,0.0,64,0.0,-0.0,0.0008299350738525391,6.887922268106195e-07
257,2570,-0.01123046875,0.0,0.0,64,0.0,-0.0,0.00012612342834472656,1.5907119177427376e-08
258,2580,0.00732421875,0.0,0.0,64,0.0,-0.0,5.364418029785156e-05,2.8776980798284058e-09
259,2590,0.02880859375,0.0,0.0,64,0.0,-0.0,0.0008299350738525391,6.887922268106195e-07
260,2600,0.03076171875,0.0,0.0,64,0.0,-0.0,0.0009462833404541016,8.954521604209731e-07
261,2610,0.03466796875,0.0,0.0,64,0.0,-0.0,0.0012018680572509766,1.4444868270402367e-06
262,2620,-0.03466796875,0.0,0.0,64,0.0,-0.0,0.0012018680572509766,1.4444868270402367e-06
263,2630,0.01708984375,0.0,0.0,64,0.0,-0.0,0.00029206275939941406,8.530065542800003e-08
264,2640,-0.03857421875,0.0,0.0,64,0.0,-0.0,0.0014879703521728516,2.2140557689454e-06
265,2650,0.00927734375,0.0,0.0,64,0.0,-0.0,8.606910705566406e-05,7.407891189359361e-09
266,2660,-0.03271484375,0.0,0.0,64,0.0,-0.0,0.001070261001586914,1.1454586115178245e-06
267,2670,0.01416015625,0.0,0.0,64,0.0,-0.0,0.00020051002502441406,4.0204270135291154e-08
268,2680,0.02294921875,0.0,0.0,64,0.0,-0.0,0.0005266666412353516,2.773777509901265e-07
269,2690,0.01416015625,0.0,0.0,64,0.0,-0.0,0.00020051002502441406,4.0204270135291154e-08
270,2700,-0.01318359375,0.0,0.0,64,0.0,-0.0,0.00017380714416503906,3.020892336280667e-08
271,2710,0.01513671875,0.0,0.0,64,0.0,-0.0,0.00022912025451660156,5.249609102975228e-08
272,2720,-0.03076171875,0.0,0.0,64,0.0,-0.0,0.0009462833404541016,8.954521604209731e-07
273,2730,-0.00341796875,0.0,0.0,64,0.0,-0.0,1.1682510375976562e-05,1.3648104868480004e-10
274,2740,0.01611328125,0.0,0.0,64,0.0,-0.0,0.00025963783264160156,6.74118041388283e-08
275,2750,0.01708984375,0.0,0.0,64,0.0,-0.0,0.00029206275939941406,8.530065542800003e-08
276,2760,0.01416015625,0.0,0.0,64,0.0,-0.0,0.00020051002502441406,4.0204270135291154e-08
277,2770,0.01904296875,0.0,0.0,64,0.0,-0.0,0.00036263465881347656,1.3150389577276655e-07
278,2780,0.01904296875,0.0,0.0,64,0.0,-0.0,0.00036263465881347656,1.3150389577276655e-07
279,2790,0.02001953125,0.0,0.0,64,0.0,-0.0,0.00040078163146972656,1.6062591612353572e-07
280,2800,0.00146484375,0.0,0.0,64,0.0,-0.0,2.1457672119140625e-06,4.604316927725449e-12
281,2810,-0.00634765625,0.0,0.0,64,0.0,-0.0,4.029273986816406e-05,1.6235048860835377e-09
282,2820,-0.00146484375,0.0,0.0,64,0.0,-0.0,2.1457672119140625e-06,4.604316927725449e-12
283,2830,0.03271484375,0.0,0.0,64,0.0,-0.0,0.001070261001586914,1.1454586115178245e-06
284,2840,-0.01708984375,0.0,0.0,64,0.0,-0.0,0.00029206275939941406,8.530065542800003e-08
285,2850,-0.00537109375,0.0,0.0,64,0.0,-0.0,2.8848648071289062e-05,8.322444955410901e-10
286,2860,0.00146484375,0.0,0.0,64,0.0,-0.0,2.1457672119140625e-06,4.604316927725449e-12
287,2870,0.01318359375,0.0,0.0,64,0.0,-0.0,0.00017380714416503906,3.020892336280667e-08
288,2880,0.01708984375,0.0,0.0,64,0.0,-0.0,0.00029206275939941406,8.530065542800003e-08
289,2890,0.01904296875,0.0,0.0,64,0.0,-0.0,0.00036263465881347656,1.3150389577276655e-07
290,2900,0.01904296875,0.0,0.0,64,0.0,-0.0,0.00036263465881347656,1.3150389577276655e-07
291,2910,-0.00146484375,0.0,0.0,64,0.0,-0.0,2.1457672119140625e-06,4.604316927725449e-12
292,2920,0.01220703125,0.0,0.0,64,0.0,-0.0,0.00014901161193847656,2.220446049250313e-08
293,2930,0.01904296875,0.0,0.0,64,0.0,-0.0,0.00036263465881347656,1.3150389577276655e-07
294,2940,-0.01318359375,0.0,0.0,64,0.0,-0.0,0.00017380714416503906,3.020892336280667e-08
295,2950,-0.00244140625,0.0,0.0,64,0.0,-0.0,5.9604644775390625e-06,3.552713678800501e-11
296,2960,0.00244140625,0.0,0.0,64,0.0,-0.0,5.9604644775390625e-06,3.552713678800501e-11
297,2970,0.01123046875,0.0,0.0,64,0.0,-0.0,0.00012612342834472656,1.5907119177427376e-08
298,2980,0.04345703125,0.0,0.0,64,0.0,-0.0,0.0018885135650634766,3.566483485428762e-06
299,2990,-0.00341796875,0.0,0.0,64,0.0,-0.0,1.1682510375976562e-05,1.3648104868480004e-10
300,3000,-0.03369140625,0.0,0.0,64,0.0,-0.0,0.001135110855102539,1.2884766533716174e-06
301,3010,-0.00537109375,0.0,0.0,64,0.0,-0.0,2.8848648071289062e-05,8.322444955410901e-10
302,3020,0.00537109375,0.0,0.0,64,0.0,-0.0,2.8848648071289062e-05,8.322444955410901e-10
303,3030,-0.01123046875,0.0,0.0,64,0.0,-0.0,0.00012612342834472656,1.5907119177427376e-08
304,3040,-0.02001953125,0.0,0.0,64,0.0,-0.0,0.00040078163146972656,1.6062591612353572e-07
305,3050,0.01025390625,0.0,0.0,64,0.0,-0.0,0.00010514259338378906,1.1054964943468804e-08
306,3060,-0.00537109375,0.0,0.0,64,0.0,-0.0,2.8848648071289062e-05,8.322444955410901e-10
307,3070,-0.01513671875,0.0,0.0,64,0.0,-0.0,0.00022912025451660156,5.249609102975228e-08
308,3080,0.03564453125,0.0,0.0,64,0.0,-0.0,0.0012705326080322266,1.6142531080731715e-06
309,3090,-0.01513671875,0.0,0.0,64,0.0,-0.0,0.00022912025451660156,5.249609102975228e-08
310,3100,-0.00244140625,0.0,0.0,64,0.0,-0.0,5.9604644775390625e-06,3.552713678800501e-11
311,3110,-0.04541015625,0.0,0.0,64,0.0,-0.0,0.002062082290649414,4.2521833734099346e-06
312,3120,-0.00830078125,0.0,0.0,64,0.0,-0.0,6.890296936035156e-05,4.747619186673546e-09
313,3130,-0.02001953125,0.0,0.0,64,0.0,-0.0,0.00040078163146972656,1.6062591612353572e-07
314,3140,-0.00830078125,0.0,0.0,64,0.0,-0.0,6.890296936035156e-05,4.747619186673546e-09
315,3150,0.00732421875,0.0,0.0,64,0.0,-0.0,5.364418029785156e-05,2.8776980798284058e-09
316,3160,-0.03759765625,0.0,0.0,64,0.0,-0.0,0.001413583755493164,1.9982190337941574e-06
317,3170,-0.01123046875,0.0,0.0,64,0.0,-0.0,0.00012612342834472656,1.5907119177427376e-08
318,3180,0.02294921875,0.0,0.0,64,0.0,-0.0,0.0005266666412353516,2.773777509901265e-07
319,3190,-0.00830078125,0.0,0.0,64,0.0,-0.0,6.890296936035156e-05,4.747619186673546e-09
320,3200,0.00927734375,0.0,0.0,64,0.0,-0.0,8.606910705566406e-05,7.407891189359361e-09
321,3210,0.02587890625,0.0,0.0,64,0.0,-0.0,0.0006697177886962891,4.485219164962473e-07
322,3220,0.00732421875,0.0,0.0,64,0.0,-0.0,5.364418029785156e-05,2.8776980798284058e-09
323,3230,-0.00244140625,0.0,0.0,64,0.0,-0.0,5.9604644775390625e-06,3.552713678800501e-11
324,3240,-0.01904296875,0.0,0.0,64,0.0,-0.0,0.00036263465881347656,1.3150389577276655e-07
325,3250,-0.02685546875,0.0,0.0,64,0.0,-0.0,0.0007212162017822266,5.201528097131813e-07
326,3260,-0.00244140625,0.0,0.0,64,0.0,-0.0,5.9604644775390625e-06,3.552713678800501e-11
327,3270,-0.00341796875,0.0,0.0,64,0.0,-0.0,1.1682510375976562e-05,1.3648104868480004e-10
328,3280,-0.02783203125,0.0,0.0,64,0.0,-0.0,0.0007746219635009766,6.000391863381083e-07
329,3290,0.00830078125,0.0,0.0,64,0.0,-0.0,6.890296936035156e-05,4.747619186673546e-09
330,3300,-0.03076171875,0.0,0.0,64,0.0,-0.0,0.0009462833404541016,8.954521604209731e-07
331,3310,-0.00341796875,0.0,0.0,64,0.0,-0.0,1.1682510375976562e-05,1.3648104868480004e-10
332,3320,-0.00927734375,0.0,0.0,64,0.0,-0.0,8.606910705566406e-05,7.407891189359361e-09
333,3330,0.01025390625,0.0,0.0,64,0.0,-0.0,0.00010514259338378906,1.1054964943468804e-08
334,3340,0.01904296875,0.0,0.0,64,0.0,-0.0,0.00036263465881347656,1.3150389577276655e-07
335,3350,0.00341796875,0.0,0.0,64,0.0,-0.0,1.1682510375976562e-05,1.3648104868480004e-10
336,3360,-0.02783203125,0.0,0.0,64,0.0,-0.0,0.0007746219635009766,6.000391863381083e-07
337,3370,0.01708984375,0.0,0.0,64,0.0,-0.0,0.00029206275939941406,8.530065542800003e-08
338,3380,0.02490234375,0.0,0.0,64,0.0,-0.0,0.0006201267242431641,3.8455715412055724e-07
339,3390,0.02587890625,0.0,0.0,64,0.0,-0.0,0.0006697177886962891,4.485219164962473e-07
340,3400,0.02197265625,0.0,0.0,64,0.0,-0.0,0.00048279762268066406,2.3309354446610087e-07
341,3410,0.00048828125,0.0,0.0,64,0.0,-0.0,2.384185791015625e-07,5.684341886080802e-14
342,3420,0.01123046875,0.0,0.0,64,0.0,-0.0,0.00012612342834472656,1.5907119177427376e-08
343,3430,0.02392578125,0.0,0.0,64,0.0,-0.0,0.0005724430084228516,3.276909978922049e-07
344,3440,0.01220703125,0.0,0.0,64,0.0,-0.0,0.00014901161193847656,2.220446049250313e-08
345,3450,-0.01123046875,0.0,0.0,64,0.0,-0.0,0.00012612342834472656,1.5907119177427376e-08
346,3460,-0.00830078125,0.0,0.0,64,0.0,-0.0,6.890296936035156e-05,4.747619186673546e-09
347,3470,0.00830078125,0.0,0.0,64,0.0,-0.0,6.890296936035156e-05,4.747619186673546e-09
348,3480,0.01025390625,0.0,0.0,64,0.0,-0.0,0.00010514259338378906,1.1054964943468804e-08
349,3490,0.01123046875,0.0,0.0,64,0.0,-0.0,0.00012612342834472656,1.5907119177427376e-08
350,3500,0.01318359375,0.0,0.0,64,0.0,-0.0,0.00017380714416503906,3.020892336280667e-08
351,3510,0.00244140625,0.0,0.0,64,0.0,-0.0,5.9604644775390625e-06,3.552713678800501e-11
352,3520,-0.00537109375,0.0,0.0,64,0.0,-0.0,2.8848648071289062e-05,8.322444955410901e-10
353,3530,0.01318359375,0.0,0.0,64,0.0,-0.0,0.00017380714416503906,3.020892336280667e-08
354,3540,0.03076171875,0.0,0.0,64,0.0,-0.0,0.0009462833404541016,8.954521604209731e-07
355,3550,0.00634765625,0.0,0.0,64,0.0,-0.0,4.029273986816406e-05,1.6235048860835377e-09
356,3560,0.01416015625,0.0,0.0,64,0.0,-0.0,0.00020051002502441406,4.0204270135291154e-08
357,3570,0.02880859375,0.0,0.0,64,0.0,-0.0,0.0008299350738525391,6.887922268106195e-07
358,3580,0.00439453125,0.0,0.0,64,0.0,-0.0,1.9311904907226562e-05,3.729496711457614e-10
359,3590,0.02392578125,0.0,0.0,64,0.0,-0.0,0.0005724430084228516,3.276909978922049e-07
360,3600,-0.00732421875,0.0,0.0,64,0.0,-0.0,5.364418029785156e-05,2.8776980798284058e-09
361,3610,0.00341796875,0.0,0.0,64,0.0,-0.0,1.1682510375976562e-05,1.3648104868480004e-10
362,3620,-0.00341796875,0.0,0.0,64,0.0,-0.0,1.1682510375976562e-05,1.3648104868480004e-10
363,3630,-0.02001953125,0.0,0.0,64,0.0,-0.0,0.00040078163146972656,1.6062591612353572e-07
364,3640,0.01416015625,0.0,0.0,64,0.0,-0.0,0.00020051002502441406,4.0204270135291154e-08
365,3650,0.00146484375,0.0,0.0,64,0.0,-0.0,2.1457672119140625e-06,4.604316927725449e-12
366,3660,0.00341796875,0.0,0.0,64,0.0,-0.0,1.1682510375976562e-05,1.3648104868480004e-10
367,3670,0.00732421875,0.0,0.0,64,0.0,-0.0,5.364418029785156e-05,2.8776980798284058e-09
368,3680,0.01318359375,0.0,0.0,64,0.0,-0.0,0.00017380714416503906,3.020892336280667e-08
369,3690,-0.01416015625,0.0,0.0,64,0.0,-0.0,0.00020051002502441406,4.0204270135291154e-08
370,3700,-0.02197265625,0.0,0.0,64,0.0,-0.0,0.00048279762268066406,2.3309354446610087e-07
371,3710,-0.02392578125,0.0,0.0,64,0.0,-0.0,0.0005724430084228516,3.276909978922049e-07
372,3720,0.02001953125,0.0,0.0,64,0.0,-0.0,0.00040078163146972656,1.6062591612353572e-07
373,3730,0.01611328125,0.0,0.0,64,0.0,-0.0,0.00025963783264160156,6.74118041388283e-08
374,3740,0.01025390625,0.0,0.0,64,0.0,-0.0,0.00010514259338378906,1.1054964943468804e-08
375,3750,0.03369140625,0.0,0.0,64,0.0,-0.0,0.001135110855102539,1.2884766533716174e-06
376,3760,0.00830078125,0.0,0.0,64,0.0,-0.0,6.890296936035156e-05,4.747619186673546e-09
377,3770,-0.00927734375,0.0,0.0,64,0.0,-0.0,8.606910705566406e-05,7.407891189359361e-09
378,3780,-0.00830078125,0.0,0.0,64,0.0,-0.0,6.890296936035156e-05,4.747619186673546e-09
379,3790,0.00146484375,0.0,0.0,64,0.0,-0.0,2.1457672119140625e-06,4.604316927725449e-12
380,3800,-0.01416015625,0.0,0.0,64,0.0,-0.0,0.00020051002502441406,4.0204270135291154e-08
381,3810,-0.03076171875,0.0,0.0,64,0.0,-0.0,0.0009462833404541016,8.954521604209731e-07
382,3820,-0.02197265625,0.0,0.0,64,0.0,-0.0,0.00048279762268066406,2.3309354446610087e-07
383,3830,-0.02685546875,0.0,0.0,64,0.0,-0.0,0.0007212162017822266,5.201528097131813e-07
384,3840,-0.00341796875,0.0,0.0,64,0.0,-0.0,1.1682510375976562e-05,1.3648104868480004e-10
385,3850,0.00146484375,0.0,0.0,64,0.0,-0.0,2.1457672119140625e-06,4.604316927725449e-12
386,3860,-0.00341796875,0.0,0.0,64,0.0,-0.0,1.1682510375976562e-05,1.3648104868480004e-10
387,3870,-0.00732421875,0.0,0.0,64,0.0,-0.0,5.364418029785156e-05,2.8776980798284058e-09
388,3880,0.01806640625,0.0,0.0,64,0.0,-0.0,0.00032639503479003906,1.0653371873559081e-07
389,3890,0.01220703125,0.0,0.0,64,0.0,-0.0,0.00014901161193847656,2.220446049250313e-08
390,3900,-0.01220703125,0.0,0.0,64,0.0,-0.0,0.00014901161193847656,2.220446049250313e-08
391,3910,-0.00830078125,0.0,0.0,64,0.0,-0.0,6.890296936035156e-05,4.747619186673546e-09
392,3920,0.01220703125,0.0,0.0,64,0.0,-0.0,0.00014901161193847656,2.220446049250313e-08
393,3930,0.00634765625,0.0,0.0,64,0.0,-0.0,4.029273986816406e-05,1.6235048860835377e-09
394,3940,0.02099609375,0.0,0.0,64,0.0,-0.0,0.00044083595275878906,1.943363372447493e-07
395,3950,0.00634765625,0.0,0.0,64,0.0,-0.0,4.029273986816406e-05,1.6235048860835377e-09
396,3960,-0.02490234375,0.0,0.0,64,0.0,-0.0,0.0006201267242431641,3.8455715412055724e-07
397,3970,0.03662109375,0.0,0.0,64,0.0,-0.0,0.001341104507446289,1.7985612998927536e-06
398,3980,-0.01611328125,0.0,0.0,64,0.0,-0.0,0.00025963783264160156,6.74118041388283e-08
399,3990,0.00830078125,0.0,0.0,64,0.0,-0.0,6.890296936035156e-05,4.747619186673546e-09
400,4000,-0.01318359375,0.0,0.0,64,0.0,-0.0,0.00017380714416503906,3.020892336280667e-08
401,4010,-0.01025390625,0.0,0.0,64,0.0,-0.0,0.00010514259338378906,1.1054964943468804e-08
402,4020,0.01318359375,0.0,0.0,64,0.0,-0.0,0.00017380714416503906,3.020892336280667e-08
403,4030,0.00146484375,0.0,0.0,64,0.0,-0.0,2.1457672119140625e-06,4.604316927725449e-12
404,4040,0.00537109375,0.0,0.0,64,0.0,-0.0,2.8848648071289062e-05,8.322444955410901e-10
405,4050,-0.00048828125,0.0,0.0,64,0.0,-0.0,2.384185791015625e-07,5.684341886080802e-14
406,4060,0.00439453125,0.0,0.0,64,0.0,-0.0,1.9311904907226562e-05,3.729496711457614e-10
407,4070,0.02294921875,0.0,0.0,64,0.0,-0.0,0.0005266666412353516,2.773777509901265e-07
408,4080,-0.01806640625,0.0,0.0,64,0.0,-0.0,0.00032639503479003906,1.0653371873559081e-07
409,4090,-0.02197265625,0.0,0.0,64,0.0,-0.0,0.00048279762268066406,2.3309354446610087e-07
410,4100,0.00439453125,0.0,0.0,64,0.0,-0.0,1.9311904907226562e-05,3.729496711457614e-10
411,4110,-0.00244140625,0.0,0.0,64,0.0,-0.0,5.9604644775390625e-06,3.552713678800501e-11
412,4120,-0.01416015625,0.0,0.0,64,0.0,-0.0,0.00020051002502441406,4.0204270135291154e-08
413,4130,-0.00439453125,0.0,0.0,64,0.0,-0.0,1.9311904907226562e-05,3.729496711457614e-10
414,4140,-0.01123046875,0.0,0.0,64,0.0,-0.0,0.00012612342834472656,1.5907119177427376e-08
415,4150,0.02001953125,0.0,0.0,64,0.0,-0.0,0.00040078163146972656,1.6062591612353572e-07
416,4160,0.00634765625,0.0,0.0,64,0.0,-0.0,4.029273986816406e-05,1.6235048860835377e-09
417,4170,0.00927734375,0.0,0.0,64,0.0,-0.0,8.606910705566406e-05,7.407891189359361e-09
418,4180,0.01318359375,0.0,0.0,64,0.0,-0.0,0.00017380714416503906,3.020892336280667e-08
419,4190,-0.03369140625,0.0,0.0,64,0.0,-0.0,0.001135110855102539,1.2884766533716174e-06
420,4200,0.02197265625,0.0,0.0,64,0.0,-0.0,0.00048279762268066406,2.3309354446610087e-07
421,4210,-0.01806640625,0.0,0.0,64,0.0,-0.0,0.00032639503479003906,1.0653371873559081e-07
422,4220,0.01318359375,0.0,0.0,64,0.0,-0.0,0.00017380714416503906,3.020892336280667e-08
423,4230,0.00244140625,0.0,0.0,64,0.0,-0.0,5.9604644775390625e-06,3.552713678800501e-11
424,4240,0.02099609375,0.0,0.0,64,0.0,-0.0,0.00044083595275878906,1.943363372447493e-07
425,4250,-0.00146484375,0.0,0.0,64,0.0,-0.0,2.1457672119140625e-06,4.604316927725449e-12
426,4260,-0.03271484375,0.0,0.0,64,0.0,-0.0,0.001070261001586914,1.1454586115178245e-06
427,4270,0.00927734375,0.0,0.0,64,0.0,-0.0,8.606910705566406e-05,7.407891189359361e-09
428,4280,0.02001953125,0.0,0.0,64,0.0,-0.0,0.00040078163146972656,1.6062591612353572e-07
429,4290,0.01123046875,0.0,0.0,64,0.0,-0.0,0.00012612342834472656,1.5907119177427376e-08
430,4300,0.00439453125,0.0,0.0,64,0.0,-0.0,1.9311904907226562e-05,3.729496711457614e-10
431,4310,0.01416015625,0.0,0.0,64,0.0,-0.0,0.00020051002502441406,4.0204270135291154e-08
432,4320,-0.02490234375,0.0,0.0,64,0.0,-0.0,0.0006201267242431641,3.8455715412055724e-07
433,4330,0.00927734375,0.0,0.0,64,0.0,-0.0,8.606910705566406e-05,7.407891189359361e-09
434,4340,-0.00341796875,0.0,0.0,64,0.0,-0.0,1.1682510375976562e-05,1.3648104868480004e-10
435,4350,0.01904296875,0.0,0.0,64,0.0,-0.0,0.00036263465881347656,1.3150389577276655e-07
436,4360,-0.00048828125,0.0,0.0,64,0.0,-0.0,2.384185791015625e-07,5.684341886080802e-14
437,4370,0.00830078125,0.0,0.0,64,0.0,-0.0,6.890296936035156e-05,4.747619186673546e-09
438,4380,0.00830078125,0.0,0.0,64,0.0,-0.0,6.890296936035156e-05,4.747619186673546e-09
439,4390,-0.01904296875,0.0,0.0,64,0.0,-0.0,0.00036263465881347656,1.3150389577276655e-07
440,4400,-0.00927734375,0.0,0.0,64,0.0,-0.0,8.606910705566406e-05,7.407891189359361e-09
441,4410,0.00439453125,0.0,0.0,64,0.0,-0.0,1.9311904907226562e-05,3.729496711457614e-10
442,4420,-0.01806640625,0.0,0.0,64,0.0,-0.0,0.00032639503479003906,1.0653371873559081e-07
443,4430,0.02197265625,0.0,0.0,64,0.0,-0.0,0.00048279762268066406,2.3309354446610087e-07
444,4440,-0.02392578125,0.0,0.0,64,0.0,-0.0,0.0005724430084228516,3.276909978922049e-07
445,4450,0.02001953125,0.0,0.0,64,0.0,-0.0,0.00040078163146972656,1.6062591612353572e-07
446,4460,-0.01025390625,0.0,0.0,64,0.0,-0.0,0.00010514259338378906,1.1054964943468804e-08
447,4470,-0.01123046875,0.0,0.0,64,0.0,-0.0,0.00012612342834472656,1.5907119177427376e-08
448,4480,-0.01123046875,0.0,0.0,64,0.0,-0.0,0.00012612342834472656,1.5907119177427376e-08
449,4490,0.01025390625,0.0,0.0,64,0.0,-0.0,0.00010514259338378906,1.1054964943468804e-08
450,4500,0.00537109375,0.0,0.0,64,0.0,-0.0,2.8848648071289062e-05,8.322444955410901e-10
451,4510,0.01220703125,0.0,0.0,64,0.0,-0.0,0.00014901161193847656,2.220446049250313e-08
452,4520,-0.03369140625,0.0,0.0,64,0.0,-0.0,0.001135110855102539,1.2884766533716174e-06
453,4530,0.01513671875,0.0,0.0,64,0.0,-0.0,0.00022912025451660156,5.249609102975228e-08
454,4540,-0.01123046875,0.0,0.0,64,0.0,-0.0,0.00012612342834472656,1.5907119177427376e-08
455,4550,0.01416015625,0.0,0.0,64,0.0,-0.0,0.00020051002502441406,4.0204270135291154e-08
456,4560,0.01904296875,0.0,0.0,64,0.0,-0.0,0.00036263465881347656,1.3150389577276655e-07
457,4570,0.00146484375,0.0,0.0,64,0.0,-0.0,2.1457672119140625e-06,4.604316927725449e-12
458,4580,0.01318359375,0.0,0.0,64,0.0,-0.0,0.00017380714416503906,3.020892336280667e-08
459,4590,-0.00048828125,0.0,0.0,64,0.0,-0.0,2.384185791015625e-07,5.684341886080802e-14
460,4600,-0.01220703125,0.0,0.0,64,0.0,-0.0,0.00014901161193847656,2.220446049250313e-08
461,4610,0.02001953125,0.0,0.0,64,0.0,-0.0,0.00040078163146972656,1.6062591612353572e-07
462,4620,-0.02490234375,0.0,0.0,64,0.0,-0.0,0.0006201267242431641,3.8455715412055724e-07
463,4630,-0.01513671875,0.0,0.0,64,0.0,-0.0,0.00022912025451660156,5.249609102975228e-08
464,4640,-0.03466796875,0.0,0.0,64,0.0,-0.0,0.0012018680572509766,1.4444868270402367e-06
465,4650,-0.00537109375,0.0,0.0,64,0.0,-0.0,2.8848648071289062e-05,8.322444955410901e-10
466,4660,-0.01123046875,0.0,0.0,64,0.0,-0.0,0.00012612342834472656,1.5907119177427376e-08
467,4670,0.01611328125,0.0,0.0,64,0.0,-0.0,0.00025963783264160156,6.74118041388283e-08
468,4680,-0.01904296875,0.0,0.0,64,0.0,-0.0,0.00036263465881347656,1.3150389577276655e-07
469,4690,0.02685546875,0.0,0.0,64,0.0,-0.0,0.0007212162017822266,5.201528097131813e-07
470,4700,-0.00927734375,0.0,0.0,64,0.0,-0.0,8.606910705566406e-05,7.407891189359361e-09
471,4710,0.03564453125,0.0,0.0,64,0.0,-0.0,0.0012705326080322266,1.6142531080731715e-06
472,4720,0.00537109375,0.0,0.0,64,0.0,-0.0,2.8848648071289062e-05,8.322444955410901e-10
473,4730,-0.01025390625,0.0,0.0,64,0.0,-0.0,0.00010514259338378906,1.1054964943468804e-08
474,4740,-0.02001953125,0.0,0.0,64,0.0,-0.0,0.00040078163146972656,1.6062591612353572e-07
475,4750,0.00244140625,0.0,0.0,64,0.0,-0.0,5.9604644775390625e-06,3.552713678800501e-11
476,4760,-0.02001953125,0.0,0.0,64,0.0,-0.0,0.00040078163146972656,1.6062591612353572e-07
477,4770,-0.00927734375,0.0,0.0,64,0.0,-0.0,8.606910705566406e-05,7.407891189359361e-09
478,4780,0.02978515625,0.0,0.0,64,0.0,-0.0,0.0008871555328369141,7.870449394431489e-07
479,4790,-0.03759765625,0.0,0.0,64,0.0,-0.0,0.001413583755493164,1.9982190337941574e-06
480,4800,0.00634765625,0.0,0.0,64,0.0,-0.0,4.029273986816406e-05,1.6235048860835377e-09
481,4810,-0.02392578125,0.0,0.0,64,0.0,-0.0,0.0005724430084228516,3.276909978922049e-07
482,4820,-0.00830078125,0.0,0.0,64,0.0,-0.0,6.890296936035156e-05,4.747619186673546e-09
483,4830,-0.00244140625,0.0,0.0,64,0.0,-0.0,5.9604644775390625e-06,3.552713678800501e-11
484,4840,-0.01904296875,0.0,0.0,64,0.0,-0.0,0.00036263465881347656,1.3150389577276655e-07
485,4850,0.01904296875,0.0,0.0,64,0.0,-0.0,0.00036263465881347656,1.3150389577276655e-07
486,4860,0.00830078125,0.0,0.0,64,0.0,-0.0,6.890296936035156e-05,4.747619186673546e-09
487,4870,0.01123046875,0.0,0.0,64,0.0,-0.0,0.00012612342834472656,1.5907119177427376e-08
488,4880,0.00634765625,0.0,0.0,64,0.0,-0.0,4.029273986816406e-05,1.6235048860835377e-09
489,4890,-0.01318359375,0.0,0.0,64,0.0,-0.0,0.00017380714416503906,3.020892336280667e-08
490,4900,0.00634765625,0.0,0.0,64,0.0,-0.0,4.029273986816406e-05,1.6235048860835377e-09
491,4910,-0.00732421875,0.0,0.0,64,0.0,-0.0,5.364418029785156e-05,2.8776980798284058e-09
492,4920,0.00830078125,0.0,0.0,64,0.0,-0.0,6.890296936035156e-05,4.747619186673546e-09
493,4930,0.01416015625,0.0,0.0,64,0.0,-0.0,0.00020051002502441406,4.0204270135291154e-08
494,4940,-0.03759765625,0.0,0.0,64,0.0,-0.0,0.001413583755493164,1.9982190337941574e-06
495,4950,-0.01806640625,0.0,0.0,64,0.0,-0.0,0.00032639503479003906,1.0653371873559081e-07
496,4960,-0.00341796875,0.0,0.0,64,0.0,-0.0,1.1682510375976562e-05,1.3648104868480004e-10
497,4970,-0.02978515625,0.0,0.0,64,0.0,-0.0,0.0008871555328369141,7.870449394431489e-07
498,4980,0.01611328125,0.0,0.0,64,0.0,-0.0,0.00025963783264160156,6.74118041388283e-08
499,4990,0.01611328125,0.0,0.0,64,0.0,-0.0,0.00025963783264160156,6.74118041388283e-08
